"","DE","Normalisation","Threshold","Go_BP","Go_MF","Go_CC","Total","DEs"
"583","T","TI-G",0.004,109,24,29,162,1176
"675","T","AI-G",0.004,109,24,29,162,1176
"582","T","TI-G",0.003,103,16,30,149,1108
"674","T","AI-G",0.003,103,16,30,149,1108
"584","T","TI-G",0.005,95,19,29,143,1253
"676","T","AI-G",0.005,95,19,29,143,1253
"585","T","TI-G",0.006,86,24,27,137,1326
"586","T","TI-G",0.007,90,23,24,137,1374
"677","T","AI-G",0.006,86,24,27,137,1326
"678","T","AI-G",0.007,90,23,24,137,1374
"581","T","TI-G",0.002,94,18,23,135,982
"673","T","AI-G",0.002,94,18,23,135,982
"578","T","TI-G",8e-04,91,21,21,133,721
"670","T","AI-G",8e-04,91,21,21,133,721
"589","T","TI-G",0.01,88,18,26,132,1493
"681","T","AI-G",0.01,88,18,26,132,1493
"592","T","TI-G",0.04,88,21,22,131,1991
"684","T","AI-G",0.04,88,21,22,131,1991
"591","T","TI-G",0.03,88,19,23,130,1881
"683","T","AI-G",0.03,88,19,23,130,1881
"587","T","TI-G",0.008,81,23,25,129,1433
"679","T","AI-G",0.008,81,23,25,129,1433
"590","T","TI-G",0.02,84,16,27,127,1725
"593","T","TI-G",0.05,87,21,19,127,2058
"682","T","AI-G",0.02,84,16,27,127,1725
"685","T","AI-G",0.05,87,21,19,127,2058
"579","T","TI-G",9e-04,86,18,22,126,766
"671","T","AI-G",9e-04,86,18,22,126,766
"576","T","TI-G",6e-04,80,24,21,125,645
"668","T","AI-G",6e-04,80,24,21,125,645
"580","T","TI-G",0.001,85,18,21,124,782
"672","T","AI-G",0.001,85,18,21,124,782
"594","T","TI-G",0.06,79,24,18,121,2113
"686","T","AI-G",0.06,79,24,18,121,2113
"405","T","None",0.01,74,28,18,120,942
"577","T","TI-G",7e-04,83,18,19,120,682
"588","T","TI-G",0.009,76,20,24,120,1457
"669","T","AI-G",7e-04,83,18,19,120,682
"680","T","AI-G",0.009,76,20,24,120,1457
"404","T","None",0.009,71,24,18,113,902
"595","T","TI-G",0.07,75,20,16,111,2173
"687","T","AI-G",0.07,75,20,16,111,2173
"406","T","None",0.02,72,19,19,110,1215
"574","T","TI-G",4e-04,74,22,14,110,559
"575","T","TI-G",5e-04,77,22,11,110,604
"666","T","AI-G",4e-04,74,22,14,110,559
"667","T","AI-G",5e-04,77,22,11,110,604
"407","T","None",0.03,78,13,18,109,1341
"409","T","None",0.05,75,13,19,107,1553
"573","T","TI-G",3e-04,73,21,10,104,514
"665","T","AI-G",3e-04,73,21,10,104,514
"414","T","None",0.1,65,19,19,103,1808
"403","T","None",0.008,66,18,18,102,852
"410","T","None",0.06,67,17,17,101,1617
"408","T","None",0.04,67,14,19,100,1457
"596","T","TI-G",0.08,73,14,13,100,2213
"688","T","AI-G",0.08,73,14,13,100,2213
"597","T","TI-G",0.09,68,18,13,99,2253
"689","T","AI-G",0.09,68,18,13,99,2253
"400","T","None",0.005,56,22,16,94,680
"401","T","None",0.006,55,19,20,94,728
"399","T","None",0.004,66,13,14,93,618
"402","T","None",0.007,55,20,17,92,785
"411","T","None",0.07,65,13,14,92,1675
"572","T","TI-G",2e-04,67,16,9,92,446
"664","T","AI-G",2e-04,67,16,9,92,446
"413","T","None",0.09,58,15,17,90,1767
"598","T","TI-G",0.1,59,16,14,89,2285
"690","T","AI-G",0.1,59,16,14,89,2285
"412","T","None",0.08,57,13,18,88,1723
"569","T","TI-G",8e-05,61,14,11,86,317
"661","T","AI-G",8e-05,61,14,11,86,317
"398","T","None",0.003,56,15,14,85,540
"567","T","TI-G",6e-05,62,13,10,85,286
"659","T","AI-G",6e-05,62,13,10,85,286
"570","T","TI-G",9e-05,60,13,11,84,333
"662","T","AI-G",9e-05,60,13,11,84,333
"346","QM","Quantile",6e-04,65,2,16,83,921
"100","QM","RLR-G",8e-06,47,12,22,81,693
"571","T","TI-G",1e-04,56,14,11,81,339
"663","T","AI-G",1e-04,56,14,11,81,339
"99","QM","RLR-G",7e-06,47,12,21,80,689
"101","QM","RLR-G",9e-06,46,13,21,80,699
"347","QM","Quantile",7e-04,65,3,12,80,932
"568","T","TI-G",7e-05,58,13,9,80,301
"660","T","AI-G",7e-05,58,13,9,80,301
"335","QM","Quantile",4e-05,52,8,18,78,742
"344","QM","Quantile",4e-04,58,3,17,78,880
"348","QM","Quantile",8e-04,63,2,13,78,941
"350","QM","Quantile",0.001,60,2,15,77,962
"96","QM","RLR-G",4e-06,44,12,20,76,663
"102","QM","RLR-G",1e-05,43,13,20,76,702
"341","QM","Quantile",1e-04,51,7,18,76,796
"345","QM","Quantile",5e-04,58,2,16,76,905
"97","QM","RLR-G",5e-06,45,10,20,75,671
"339","QM","Quantile",8e-05,51,7,17,75,779
"60","QM","Loess-G",5e-05,44,9,21,74,627
"64","QM","Loess-G",9e-05,44,12,18,74,662
"98","QM","RLR-G",6e-06,44,10,20,74,678
"337","QM","Quantile",6e-05,49,9,16,74,760
"62","QM","Loess-G",7e-05,45,9,19,73,641
"65","QM","Loess-G",1e-04,42,12,19,73,667
"95","QM","RLR-G",3e-06,42,11,20,73,654
"336","QM","Quantile",5e-05,47,9,17,73,752
"340","QM","Quantile",9e-05,48,8,17,73,787
"59","QM","Loess-G",4e-05,41,10,21,72,614
"94","QM","RLR-G",2e-06,41,11,20,72,638
"107","QM","RLR-G",6e-05,44,11,17,72,804
"349","QM","Quantile",9e-04,56,2,14,72,953
"106","QM","RLR-G",5e-05,43,11,17,71,798
"110","QM","RLR-G",9e-05,48,7,16,71,824
"334","QM","Quantile",3e-05,46,7,18,71,722
"338","QM","Quantile",7e-05,50,6,15,71,768
"397","T","None",0.002,45,12,14,71,433
"61","QM","Loess-G",6e-05,42,10,18,70,633
"76","QM","Loess-G",0.003,51,3,16,70,928
"333","QM","Quantile",2e-05,48,5,17,70,698
"55","QM","Loess-G",9e-06,45,6,18,69,546
"56","QM","Loess-G",1e-05,45,6,18,69,546
"104","QM","RLR-G",3e-05,41,12,16,69,763
"326","QM","Quantile",4e-06,43,7,19,69,615
"63","QM","Loess-G",8e-05,40,9,19,68,650
"103","QM","RLR-G",2e-05,39,11,18,68,743
"105","QM","RLR-G",4e-05,40,11,17,68,784
"109","QM","RLR-G",8e-05,45,7,16,68,816
"565","T","TI-G",4e-05,50,9,9,68,233
"657","T","AI-G",4e-05,50,9,9,68,233
"51","QM","Loess-G",5e-06,40,10,17,67,524
"57","QM","Loess-G",2e-05,41,8,18,67,576
"108","QM","RLR-G",7e-05,42,8,17,67,811
"323","QM","Quantile",1e-06,45,6,16,67,550
"328","QM","Quantile",6e-06,39,8,20,67,634
"561","T","TI-G",9e-06,58,0,9,67,107
"653","T","AI-G",9e-06,58,0,9,67,107
"70","QM","Loess-G",6e-04,38,10,18,66,793
"343","QM","Quantile",3e-04,47,2,16,65,857
"562","T","TI-G",1e-05,59,0,6,65,117
"654","T","AI-G",1e-05,59,0,6,65,117
"49","QM","Loess-G",3e-06,42,7,15,64,506
"66","QM","Loess-G",2e-04,35,10,19,64,708
"52","QM","Loess-G",6e-06,38,8,17,63,531
"69","QM","Loess-G",5e-04,38,10,15,63,767
"330","QM","Quantile",8e-06,37,8,18,63,650
"67","QM","Loess-G",3e-04,36,10,16,62,727
"111","QM","RLR-G",1e-04,41,5,16,62,833
"112","QM","RLR-G",2e-04,41,5,16,62,880
"563","T","TI-G",2e-05,54,0,8,62,165
"566","T","TI-G",5e-05,46,6,10,62,254
"655","T","AI-G",2e-05,54,0,8,62,165
"658","T","AI-G",5e-05,46,6,10,62,254
"50","QM","Loess-G",4e-06,38,6,17,61,515
"75","QM","Loess-G",0.002,39,7,15,61,893
"114","QM","RLR-G",4e-04,39,4,18,61,932
"115","QM","RLR-G",5e-04,40,3,18,61,947
"325","QM","Quantile",3e-06,35,7,19,61,604
"327","QM","Quantile",5e-06,37,6,18,61,621
"342","QM","Quantile",2e-04,42,3,16,61,832
"558","T","TI-G",6e-06,54,1,6,61,84
"564","T","TI-G",3e-05,57,0,4,61,198
"650","T","AI-G",6e-06,54,1,6,61,84
"656","T","AI-G",3e-05,57,0,4,61,198
"53","QM","Loess-G",7e-06,36,7,17,60,539
"71","QM","Loess-G",7e-04,35,9,16,60,804
"68","QM","Loess-G",4e-04,36,9,14,59,745
"48","QM","Loess-G",2e-06,35,7,16,58,489
"58","QM","Loess-G",3e-05,34,7,17,58,592
"72","QM","Loess-G",8e-04,34,9,15,58,814
"329","QM","Quantile",7e-06,32,8,18,58,643
"331","QM","Quantile",9e-06,34,7,17,58,659
"332","QM","Quantile",1e-05,33,8,17,58,665
"47","QM","Loess-G",1e-06,36,4,17,57,469
"54","QM","Loess-G",8e-06,35,6,16,57,543
"74","QM","Loess-G",0.001,31,8,18,57,831
"396","T","None",0.001,33,11,13,57,286
"559","T","TI-G",7e-06,53,0,4,57,94
"651","T","AI-G",7e-06,53,0,4,57,94
"77","QM","Loess-G",0.004,41,2,13,56,953
"162","QM","VSN-G",6e-04,25,12,18,55,472
"560","T","TI-G",8e-06,51,0,4,55,98
"652","T","AI-G",8e-06,51,0,4,55,98
"113","QM","RLR-G",3e-04,35,3,16,54,911
"324","QM","Quantile",2e-06,29,8,17,54,581
"449","T","Loess-G",0.008,24,12,18,54,514
"73","QM","Loess-G",9e-04,30,6,17,53,824
"79","QM","Loess-G",0.006,40,2,11,53,1001
"158","QM","VSN-G",2e-04,26,9,17,52,400
"159","QM","VSN-G",3e-04,25,9,18,52,432
"160","QM","VSN-G",4e-04,24,11,17,52,446
"163","QM","VSN-G",7e-04,23,10,19,52,486
"351","QM","Quantile",0.002,39,2,11,52,1041
"357","QM","Quantile",0.008,39,1,12,52,1195
"168","QM","VSN-G",0.003,21,12,18,51,603
"172","QM","VSN-G",0.007,26,10,15,51,682
"174","QM","VSN-G",0.009,27,7,17,51,702
"360","QM","Quantile",0.02,41,3,7,51,1321
"394","T","None",8e-04,32,12,7,51,244
"78","QM","Loess-G",0.005,35,2,13,50,986
"116","QM","RLR-G",6e-04,29,3,18,50,961
"161","QM","VSN-G",5e-04,21,11,18,50,466
"164","QM","VSN-G",8e-04,21,10,19,50,496
"93","QM","RLR-G",1e-06,20,11,18,49,614
"175","QM","VSN-G",0.01,26,6,17,49,717
"176","QM","VSN-G",0.02,28,4,17,49,806
"358","QM","Quantile",0.009,38,1,10,49,1212
"85","QM","Loess-G",0.03,35,3,10,48,1234
"557","T","TI-G",5e-06,43,1,4,48,77
"649","T","AI-G",5e-06,43,1,4,48,77
"393","T","None",7e-04,31,11,5,47,225
"395","T","None",9e-04,32,8,7,47,263
"448","T","Loess-G",0.007,17,12,18,47,484
"183","QM","VSN-G",0.09,22,5,18,45,1088
"359","QM","Quantile",0.01,36,1,8,45,1228
"556","T","TI-G",4e-06,42,1,2,45,75
"648","T","AI-G",4e-06,42,1,2,45,75
"173","QM","VSN-G",0.008,23,7,14,44,695
"352","QM","Quantile",0.003,33,1,10,44,1085
"447","T","Loess-G",0.006,20,8,16,44,455
"450","T","Loess-G",0.009,19,7,18,44,535
"493","T","RLR-G",0.006,21,7,16,44,483
"87","QM","Loess-G",0.05,34,2,7,43,1323
"118","QM","RLR-G",8e-04,27,3,13,43,987
"119","QM","RLR-G",9e-04,27,3,13,43,997
"80","QM","Loess-G",0.007,28,3,11,42,1026
"117","QM","RLR-G",7e-04,24,3,15,42,978
"353","QM","Quantile",0.004,29,1,12,42,1113
"361","QM","Quantile",0.03,33,2,7,42,1378
"446","T","Loess-G",0.005,17,5,20,42,421
"356","QM","Quantile",0.007,30,1,10,41,1176
"723","T","Quantile",0.006,18,9,14,41,443
"86","QM","Loess-G",0.04,30,3,7,40,1281
"169","QM","VSN-G",0.004,15,9,16,40,626
"171","QM","VSN-G",0.006,18,8,13,39,669
"354","QM","Quantile",0.005,29,1,9,39,1141
"451","T","Loess-G",0.01,14,10,15,39,564
"724","T","Quantile",0.007,17,8,14,39,488
"38","QM","None",0.02,19,7,12,38,772
"355","QM","Quantile",0.006,29,1,8,38,1155
"725","T","Quantile",0.008,17,6,15,38,510
"170","QM","VSN-G",0.005,16,8,13,37,654
"177","QM","VSN-G",0.03,16,5,16,37,867
"179","QM","VSN-G",0.05,17,5,15,37,962
"494","T","RLR-G",0.007,18,9,10,37,510
"555","T","TI-G",3e-06,33,4,0,37,49
"647","T","AI-G",3e-06,33,4,0,37,49
"167","QM","VSN-G",0.002,12,7,17,36,574
"178","QM","VSN-G",0.04,15,4,17,36,922
"181","QM","VSN-G",0.07,14,4,18,36,1029
"392","T","None",6e-04,24,6,6,36,201
"445","T","Loess-G",0.004,14,7,15,36,394
"45","QM","None",0.09,19,4,12,35,1042
"88","QM","Loess-G",0.06,28,2,5,35,1357
"492","T","RLR-G",0.005,16,6,13,35,439
"726","T","Quantile",0.009,14,8,13,35,538
"727","T","Quantile",0.01,14,9,12,35,557
"166","QM","VSN-G",0.001,6,8,20,34,513
"491","T","RLR-G",0.004,18,5,11,34,405
"495","T","RLR-G",0.008,16,4,14,34,536
"44","QM","None",0.08,17,4,12,33,1023
"84","QM","Loess-G",0.02,24,1,8,33,1169
"92","QM","Loess-G",0.1,26,3,4,33,1460
"184","QM","VSN-G",0.1,11,7,15,33,1112
"362","QM","Quantile",0.04,26,2,5,33,1426
"722","T","Quantile",0.005,18,6,9,33,411
"91","QM","Loess-G",0.09,25,2,5,32,1431
"120","QM","RLR-G",0.001,16,3,13,32,1010
"165","QM","VSN-G",9e-04,5,8,19,32,507
"182","QM","VSN-G",0.08,11,5,16,32,1064
"444","T","Loess-G",0.003,14,5,13,32,350
"37","QM","None",0.01,13,5,13,31,684
"81","QM","Loess-G",0.008,19,2,10,31,1044
"363","QM","Quantile",0.05,23,3,5,31,1462
"30","QM","None",0.003,13,4,13,30,565
"496","T","RLR-G",0.009,11,5,14,30,568
"31","QM","None",0.004,15,3,11,29,584
"39","QM","None",0.03,10,7,12,29,842
"490","T","RLR-G",0.003,9,7,13,29,352
"499","T","RLR-G",0.03,10,7,12,29,864
"180","QM","VSN-G",0.06,6,4,18,28,994
"453","T","Loess-G",0.03,8,6,14,28,834
"497","T","RLR-G",0.01,6,6,16,28,585
"32","QM","None",0.005,11,3,13,27,605
"33","QM","None",0.006,11,5,11,27,624
"500","T","RLR-G",0.04,12,7,8,27,963
"544","T","VSN-G",0.02,11,0,16,27,810
"720","T","Quantile",0.003,10,5,12,27,336
"721","T","Quantile",0.004,12,8,7,27,381
"41","QM","None",0.05,12,4,10,26,923
"83","QM","Loess-G",0.01,15,1,10,26,1071
"129","QM","RLR-G",0.01,12,3,11,26,1247
"152","QM","VSN-G",5e-05,9,0,17,26,316
"15","QM","None",6e-05,0,2,23,25,331
"20","QM","None",2e-04,1,7,17,25,387
"153","QM","VSN-G",6e-05,8,1,16,25,323
"157","QM","VSN-G",1e-04,7,0,18,25,353
"16","QM","None",7e-05,0,2,22,24,337
"42","QM","None",0.06,9,4,11,24,968
"122","QM","RLR-G",0.003,12,2,10,24,1112
"489","T","RLR-G",0.002,6,5,13,24,288
"719","T","Quantile",0.002,9,2,13,24,285
"82","QM","Loess-G",0.009,11,1,11,23,1057
"121","QM","RLR-G",0.002,8,3,12,23,1076
"123","QM","RLR-G",0.004,11,2,10,23,1139
"391","T","None",5e-04,6,9,8,23,179
"443","T","Loess-G",0.002,7,3,13,23,277
"21","QM","None",3e-04,1,6,15,22,411
"24","QM","None",6e-04,1,6,15,22,441
"35","QM","None",0.008,10,0,12,22,651
"36","QM","None",0.009,10,0,12,22,669
"40","QM","None",0.04,8,5,9,22,886
"46","QM","None",0.1,6,4,12,22,1057
"156","QM","VSN-G",9e-05,6,0,16,22,351
"539","T","VSN-G",0.006,2,3,17,22,513
"13","QM","None",4e-05,4,3,14,21,313
"14","QM","None",5e-05,0,2,19,21,325
"19","QM","None",1e-04,0,3,18,21,355
"22","QM","None",4e-04,1,6,14,21,421
"43","QM","None",0.07,8,4,9,21,995
"155","QM","VSN-G",8e-05,5,0,16,21,339
"537","T","VSN-G",0.004,0,4,17,21,439
"730","T","Quantile",0.04,14,3,4,21,952
"17","QM","None",8e-05,0,3,17,20,342
"29","QM","None",0.002,4,3,13,20,524
"34","QM","None",0.007,10,0,10,20,638
"154","QM","VSN-G",7e-05,6,0,14,20,333
"498","T","RLR-G",0.02,0,6,14,20,757
"536","T","VSN-G",0.003,2,2,16,20,383
"545","T","VSN-G",0.03,3,0,17,20,925
"141","QM","VSN-G",3e-06,0,3,16,19,233
"145","QM","VSN-G",7e-06,4,0,15,19,264
"150","QM","VSN-G",3e-05,0,0,19,19,298
"541","T","VSN-G",0.008,0,2,17,19,564
"643","T","MedI-G",0.09,10,0,9,19,1173
"11","QM","None",2e-05,3,3,12,18,289
"89","QM","Loess-G",0.07,10,3,5,18,1389
"148","QM","VSN-G",1e-05,0,0,18,18,274
"151","QM","VSN-G",4e-05,0,0,18,18,303
"364","QM","Quantile",0.06,11,2,5,18,1493
"540","T","VSN-G",0.007,0,2,16,18,537
"542","T","VSN-G",0.009,0,2,16,18,604
"638","T","MedI-G",0.04,13,0,5,18,787
"12","QM","None",3e-05,4,4,9,17,299
"18","QM","None",9e-05,0,2,15,17,348
"23","QM","None",5e-04,1,0,16,17,432
"25","QM","None",7e-04,1,4,12,17,454
"26","QM","None",8e-04,1,4,12,17,463
"125","QM","RLR-G",0.006,4,4,9,17,1180
"128","QM","RLR-G",0.009,7,4,6,17,1233
"147","QM","VSN-G",9e-06,0,0,17,17,272
"149","QM","VSN-G",2e-05,0,0,17,17,288
"538","T","VSN-G",0.005,0,3,14,17,483
"546","T","VSN-G",0.04,0,0,17,17,1000
"124","QM","RLR-G",0.005,3,4,9,16,1164
"127","QM","RLR-G",0.008,4,4,8,16,1218
"137","QM","RLR-G",0.09,14,0,2,16,1606
"142","QM","VSN-G",4e-06,0,0,16,16,242
"146","QM","VSN-G",8e-06,0,0,16,16,269
"731","T","Quantile",0.05,10,0,6,16,1031
"28","QM","None",0.001,1,4,10,15,479
"126","QM","RLR-G",0.007,3,4,8,15,1196
"139","QM","VSN-G",1e-06,0,2,13,15,207
"365","QM","Quantile",0.07,10,2,3,15,1530
"366","QM","Quantile",0.08,9,3,3,15,1553
"637","T","MedI-G",0.03,6,3,6,15,654
"641","T","MedI-G",0.07,4,0,11,15,1060
"8","QM","None",8e-06,4,3,7,14,253
"9","QM","None",9e-06,4,3,7,14,256
"10","QM","None",1e-05,4,3,7,14,257
"90","QM","Loess-G",0.08,7,2,5,14,1416
"140","QM","VSN-G",2e-06,0,0,14,14,221
"504","T","RLR-G",0.08,6,1,7,14,1205
"633","T","MedI-G",0.008,4,3,7,14,268
"639","T","MedI-G",0.05,6,0,8,14,899
"640","T","MedI-G",0.06,3,0,11,14,976
"143","QM","VSN-G",5e-06,0,0,13,13,248
"452","T","Loess-G",0.02,0,4,9,13,728
"454","T","Loess-G",0.04,0,4,9,13,947
"549","T","VSN-G",0.07,0,0,13,13,1184
"729","T","Quantile",0.03,0,4,9,13,826
"4","QM","None",4e-06,8,2,2,12,236
"5","QM","None",5e-06,8,2,2,12,240
"6","QM","None",6e-06,5,3,4,12,246
"7","QM","None",7e-06,4,3,5,12,249
"133","QM","RLR-G",0.05,4,3,5,12,1481
"144","QM","VSN-G",6e-06,0,0,12,12,256
"390","T","None",4e-04,3,9,0,12,153
"487","T","RLR-G",9e-04,0,2,10,12,155
"535","T","VSN-G",0.002,0,3,9,12,305
"543","T","VSN-G",0.01,0,3,9,12,629
"634","T","MedI-G",0.009,4,3,5,12,298
"3","QM","None",3e-06,7,2,2,11,228
"27","QM","None",9e-04,1,0,10,11,472
"132","QM","RLR-G",0.04,3,4,4,11,1451
"547","T","VSN-G",0.05,0,0,11,11,1071
"551","T","VSN-G",0.09,0,0,11,11,1289
"632","T","MedI-G",0.007,4,1,6,11,255
"130","QM","RLR-G",0.02,4,2,4,10,1351
"131","QM","RLR-G",0.03,3,3,4,10,1408
"455","T","Loess-G",0.05,0,1,9,10,1015
"505","T","RLR-G",0.09,4,1,5,10,1252
"552","T","VSN-G",0.1,0,0,10,10,1332
"630","T","MedI-G",0.005,3,2,5,10,211
"2","QM","None",2e-06,5,2,2,9,224
"550","T","VSN-G",0.08,0,0,9,9,1239
"635","T","MedI-G",0.01,1,2,6,9,312
"367","QM","Quantile",0.09,2,4,2,8,1589
"501","T","RLR-G",0.05,0,4,4,8,1043
"631","T","MedI-G",0.006,3,0,5,8,230
"636","T","MedI-G",0.02,0,3,5,8,516
"728","T","Quantile",0.02,1,3,4,8,710
"438","T","Loess-G",6e-04,1,1,5,7,119
"484","T","RLR-G",6e-04,0,2,5,7,107
"506","T","RLR-G",0.1,0,1,6,7,1300
"532","T","VSN-G",8e-04,0,0,7,7,172
"548","T","VSN-G",0.06,0,0,7,7,1137
"554","T","TI-G",2e-06,3,1,3,7,36
"642","T","MedI-G",0.08,0,0,7,7,1118
"646","T","AI-G",2e-06,3,1,3,7,36
"1","QM","None",1e-06,3,2,1,6,211
"185","QM","TI-G",1e-06,3,3,0,6,1
"186","QM","TI-G",2e-06,3,3,0,6,1
"187","QM","TI-G",3e-06,3,3,0,6,1
"188","QM","TI-G",4e-06,3,3,0,6,1
"189","QM","TI-G",5e-06,3,3,0,6,1
"190","QM","TI-G",6e-06,3,3,0,6,1
"191","QM","TI-G",7e-06,3,3,0,6,1
"192","QM","TI-G",8e-06,3,3,0,6,1
"193","QM","TI-G",9e-06,3,3,0,6,1
"194","QM","TI-G",1e-05,3,3,0,6,1
"195","QM","TI-G",2e-05,3,3,0,6,1
"279","QM","AI-G",3e-06,3,3,0,6,1
"280","QM","AI-G",4e-06,3,3,0,6,1
"281","QM","AI-G",5e-06,3,3,0,6,1
"282","QM","AI-G",6e-06,3,3,0,6,1
"283","QM","AI-G",7e-06,3,3,0,6,1
"284","QM","AI-G",8e-06,3,3,0,6,1
"285","QM","AI-G",9e-06,3,3,0,6,1
"286","QM","AI-G",1e-05,3,3,0,6,1
"287","QM","AI-G",2e-05,3,3,0,6,1
"288","QM","AI-G",3e-05,3,3,0,6,1
"289","QM","AI-G",4e-05,3,3,0,6,1
"290","QM","AI-G",5e-05,3,3,0,6,1
"291","QM","AI-G",6e-05,3,3,0,6,1
"292","QM","AI-G",7e-05,3,3,0,6,1
"293","QM","AI-G",8e-05,3,3,0,6,1
"294","QM","AI-G",9e-05,3,3,0,6,1
"295","QM","AI-G",1e-04,3,3,0,6,1
"296","QM","AI-G",2e-04,3,3,0,6,1
"297","QM","AI-G",3e-04,3,3,0,6,1
"298","QM","AI-G",4e-04,3,3,0,6,1
"299","QM","AI-G",5e-04,3,3,0,6,1
"300","QM","AI-G",6e-04,3,3,0,6,1
"301","QM","AI-G",7e-04,3,3,0,6,1
"302","QM","AI-G",8e-04,3,3,0,6,1
"303","QM","AI-G",9e-04,3,3,0,6,1
"304","QM","AI-G",0.001,3,3,0,6,1
"305","QM","AI-G",0.002,3,3,0,6,2
"389","T","None",3e-04,0,5,1,6,112
"486","T","RLR-G",8e-04,0,0,6,6,122
"503","T","RLR-G",0.07,0,1,5,6,1159
"713","T","Quantile",5e-04,0,1,5,6,99
"134","QM","RLR-G",0.06,2,0,3,5,1520
"135","QM","RLR-G",0.07,2,0,3,5,1547
"368","QM","Quantile",0.1,0,3,2,5,1619
"478","T","RLR-G",9e-05,1,0,4,5,35
"533","T","VSN-G",9e-04,0,0,5,5,187
"534","T","VSN-G",0.001,0,0,5,5,189
"718","T","Quantile",0.001,0,0,5,5,176
"136","QM","RLR-G",0.08,2,0,2,4,1574
"431","T","Loess-G",8e-05,1,0,3,4,36
"432","T","Loess-G",9e-05,1,0,3,4,37
"477","T","RLR-G",8e-05,1,0,3,4,28
"483","T","RLR-G",5e-04,0,0,4,4,101
"485","T","RLR-G",7e-04,0,0,4,4,118
"502","T","RLR-G",0.06,0,1,3,4,1100
"627","T","MedI-G",0.002,0,0,4,4,119
"644","T","MedI-G",0.1,0,0,4,4,1253
"716","T","Quantile",8e-04,0,0,4,4,141
"732","T","Quantile",0.06,2,0,2,4,1110
"388","T","None",2e-04,0,0,3,3,86
"416","T","Loess-G",2e-06,0,0,3,3,1
"417","T","Loess-G",3e-06,0,0,3,3,1
"418","T","Loess-G",4e-06,0,0,3,3,1
"419","T","Loess-G",5e-06,0,0,3,3,1
"420","T","Loess-G",6e-06,0,0,3,3,1
"430","T","Loess-G",7e-05,1,0,2,3,33
"433","T","Loess-G",1e-04,1,0,2,3,38
"456","T","Loess-G",0.06,0,0,3,3,1089
"460","T","Loess-G",0.1,0,1,2,3,1296
"464","T","RLR-G",4e-06,0,0,3,3,1
"465","T","RLR-G",5e-06,0,0,3,3,1
"466","T","RLR-G",6e-06,0,0,3,3,1
"467","T","RLR-G",7e-06,0,0,3,3,1
"468","T","RLR-G",8e-06,0,0,3,3,1
"469","T","RLR-G",9e-06,0,0,3,3,1
"470","T","RLR-G",1e-05,0,0,3,3,1
"471","T","RLR-G",2e-05,0,0,3,3,1
"479","T","RLR-G",1e-04,1,0,2,3,40
"510","T","VSN-G",4e-06,0,0,3,3,1
"511","T","VSN-G",5e-06,0,0,3,3,1
"512","T","VSN-G",6e-06,0,0,3,3,1
"513","T","VSN-G",7e-06,0,0,3,3,1
"514","T","VSN-G",8e-06,0,0,3,3,1
"515","T","VSN-G",9e-06,0,0,3,3,1
"628","T","MedI-G",0.003,0,1,2,3,145
"712","T","Quantile",4e-04,0,0,3,3,82
"714","T","Quantile",6e-04,0,0,3,3,119
"717","T","Quantile",9e-04,0,0,3,3,165
"733","T","Quantile",0.07,0,0,3,3,1161
"735","T","Quantile",0.09,0,0,3,3,1249
"138","QM","RLR-G",0.1,0,0,2,2,1625
"263","QM","MedI-G",0.006,0,2,0,2,13
"264","QM","MedI-G",0.007,0,2,0,2,13
"275","QM","MedI-G",0.09,2,0,0,2,97
"427","T","Loess-G",4e-05,0,0,2,2,8
"429","T","Loess-G",6e-05,1,0,1,2,24
"436","T","Loess-G",4e-04,0,0,2,2,84
"439","T","Loess-G",7e-04,0,1,1,2,129
"442","T","Loess-G",0.001,0,1,1,2,162
"457","T","Loess-G",0.07,0,0,2,2,1131
"458","T","Loess-G",0.08,0,1,1,2,1188
"459","T","Loess-G",0.09,0,1,1,2,1247
"476","T","RLR-G",7e-05,1,0,1,2,24
"488","T","RLR-G",0.001,0,2,0,2,173
"516","T","VSN-G",1e-05,0,0,2,2,3
"517","T","VSN-G",2e-05,0,0,2,2,3
"715","T","Quantile",7e-04,0,0,2,2,133
"734","T","Quantile",0.08,0,0,2,2,1201
"736","T","Quantile",0.1,0,0,2,2,1291
"196","QM","TI-G",3e-05,0,0,1,1,2
"197","QM","TI-G",4e-05,0,0,1,1,2
"198","QM","TI-G",5e-05,0,0,1,1,2
"199","QM","TI-G",6e-05,0,0,1,1,2
"200","QM","TI-G",7e-05,0,0,1,1,2
"201","QM","TI-G",8e-05,0,0,1,1,2
"202","QM","TI-G",9e-05,0,0,1,1,2
"203","QM","TI-G",1e-04,0,0,1,1,2
"259","QM","MedI-G",0.002,0,1,0,1,9
"260","QM","MedI-G",0.003,0,1,0,1,9
"261","QM","MedI-G",0.004,0,1,0,1,10
"262","QM","MedI-G",0.005,0,1,0,1,12
"265","QM","MedI-G",0.008,0,1,0,1,14
"266","QM","MedI-G",0.009,0,1,0,1,14
"267","QM","MedI-G",0.01,0,1,0,1,14
"268","QM","MedI-G",0.02,0,1,0,1,29
"269","QM","MedI-G",0.03,0,1,0,1,38
"426","T","Loess-G",3e-05,0,0,1,1,7
"437","T","Loess-G",5e-04,0,0,1,1,96
"440","T","Loess-G",8e-04,0,0,1,1,141
"441","T","Loess-G",9e-04,0,0,1,1,150
"553","T","TI-G",1e-06,0,1,0,1,21
"629","T","MedI-G",0.004,0,0,1,1,171
"645","T","AI-G",1e-06,0,1,0,1,21
"710","T","Quantile",2e-04,0,0,1,1,56
"711","T","Quantile",3e-04,0,0,1,1,69
"204","QM","TI-G",2e-04,0,0,0,0,3
"205","QM","TI-G",3e-04,0,0,0,0,3
"206","QM","TI-G",4e-04,0,0,0,0,3
"207","QM","TI-G",5e-04,0,0,0,0,3
"208","QM","TI-G",6e-04,0,0,0,0,3
"209","QM","TI-G",7e-04,0,0,0,0,3
"210","QM","TI-G",8e-04,0,0,0,0,3
"211","QM","TI-G",9e-04,0,0,0,0,3
"212","QM","TI-G",0.001,0,0,0,0,3
"213","QM","TI-G",0.002,0,0,0,0,6
"214","QM","TI-G",0.003,0,0,0,0,7
"215","QM","TI-G",0.004,0,0,0,0,8
"216","QM","TI-G",0.005,0,0,0,0,10
"217","QM","TI-G",0.006,0,0,0,0,11
"218","QM","TI-G",0.007,0,0,0,0,12
"219","QM","TI-G",0.008,0,0,0,0,12
"220","QM","TI-G",0.009,0,0,0,0,13
"221","QM","TI-G",0.01,0,0,0,0,14
"222","QM","TI-G",0.02,0,0,0,0,19
"223","QM","TI-G",0.03,0,0,0,0,25
"224","QM","TI-G",0.04,0,0,0,0,34
"225","QM","TI-G",0.05,0,0,0,0,39
"226","QM","TI-G",0.06,0,0,0,0,51
"227","QM","TI-G",0.07,0,0,0,0,60
"228","QM","TI-G",0.08,0,0,0,0,67
"229","QM","TI-G",0.09,0,0,0,0,82
"230","QM","TI-G",0.1,0,0,0,0,90
"231","QM","MedI-G",1e-06,0,0,0,0,2
"232","QM","MedI-G",2e-06,0,0,0,0,2
"233","QM","MedI-G",3e-06,0,0,0,0,2
"234","QM","MedI-G",4e-06,0,0,0,0,2
"235","QM","MedI-G",5e-06,0,0,0,0,2
"236","QM","MedI-G",6e-06,0,0,0,0,3
"237","QM","MedI-G",7e-06,0,0,0,0,3
"238","QM","MedI-G",8e-06,0,0,0,0,3
"239","QM","MedI-G",9e-06,0,0,0,0,3
"240","QM","MedI-G",1e-05,0,0,0,0,4
"241","QM","MedI-G",2e-05,0,0,0,0,4
"242","QM","MedI-G",3e-05,0,0,0,0,4
"243","QM","MedI-G",4e-05,0,0,0,0,4
"244","QM","MedI-G",5e-05,0,0,0,0,4
"245","QM","MedI-G",6e-05,0,0,0,0,5
"246","QM","MedI-G",7e-05,0,0,0,0,5
"247","QM","MedI-G",8e-05,0,0,0,0,5
"248","QM","MedI-G",9e-05,0,0,0,0,5
"249","QM","MedI-G",1e-04,0,0,0,0,5
"250","QM","MedI-G",2e-04,0,0,0,0,5
"251","QM","MedI-G",3e-04,0,0,0,0,6
"252","QM","MedI-G",4e-04,0,0,0,0,6
"253","QM","MedI-G",5e-04,0,0,0,0,6
"254","QM","MedI-G",6e-04,0,0,0,0,6
"255","QM","MedI-G",7e-04,0,0,0,0,8
"256","QM","MedI-G",8e-04,0,0,0,0,8
"257","QM","MedI-G",9e-04,0,0,0,0,8
"258","QM","MedI-G",0.001,0,0,0,0,8
"270","QM","MedI-G",0.04,0,0,0,0,44
"271","QM","MedI-G",0.05,0,0,0,0,54
"272","QM","MedI-G",0.06,0,0,0,0,67
"273","QM","MedI-G",0.07,0,0,0,0,74
"274","QM","MedI-G",0.08,0,0,0,0,91
"276","QM","MedI-G",0.1,0,0,0,0,106
"277","QM","AI-G",1e-06,0,0,0,0,0
"278","QM","AI-G",2e-06,0,0,0,0,0
"306","QM","AI-G",0.003,0,0,0,0,3
"307","QM","AI-G",0.004,0,0,0,0,4
"308","QM","AI-G",0.005,0,0,0,0,4
"309","QM","AI-G",0.006,0,0,0,0,4
"310","QM","AI-G",0.007,0,0,0,0,4
"311","QM","AI-G",0.008,0,0,0,0,4
"312","QM","AI-G",0.009,0,0,0,0,4
"313","QM","AI-G",0.01,0,0,0,0,4
"314","QM","AI-G",0.02,0,0,0,0,8
"315","QM","AI-G",0.03,0,0,0,0,23
"316","QM","AI-G",0.04,0,0,0,0,38
"317","QM","AI-G",0.05,0,0,0,0,49
"318","QM","AI-G",0.06,0,0,0,0,60
"319","QM","AI-G",0.07,0,0,0,0,69
"320","QM","AI-G",0.08,0,0,0,0,80
"321","QM","AI-G",0.09,0,0,0,0,97
"322","QM","AI-G",0.1,0,0,0,0,109
"369","T","None",1e-06,0,0,0,0,0
"370","T","None",2e-06,0,0,0,0,0
"371","T","None",3e-06,0,0,0,0,0
"372","T","None",4e-06,0,0,0,0,0
"373","T","None",5e-06,0,0,0,0,0
"374","T","None",6e-06,0,0,0,0,1
"375","T","None",7e-06,0,0,0,0,2
"376","T","None",8e-06,0,0,0,0,2
"377","T","None",9e-06,0,0,0,0,2
"378","T","None",1e-05,0,0,0,0,2
"379","T","None",2e-05,0,0,0,0,2
"380","T","None",3e-05,0,0,0,0,4
"381","T","None",4e-05,0,0,0,0,6
"382","T","None",5e-05,0,0,0,0,16
"383","T","None",6e-05,0,0,0,0,17
"384","T","None",7e-05,0,0,0,0,19
"385","T","None",8e-05,0,0,0,0,28
"386","T","None",9e-05,0,0,0,0,36
"387","T","None",1e-04,0,0,0,0,40
"415","T","Loess-G",1e-06,0,0,0,0,0
"421","T","Loess-G",7e-06,0,0,0,0,2
"422","T","Loess-G",8e-06,0,0,0,0,2
"423","T","Loess-G",9e-06,0,0,0,0,3
"424","T","Loess-G",1e-05,0,0,0,0,3
"425","T","Loess-G",2e-05,0,0,0,0,3
"428","T","Loess-G",5e-05,0,0,0,0,20
"434","T","Loess-G",2e-04,0,0,0,0,52
"435","T","Loess-G",3e-04,0,0,0,0,75
"461","T","RLR-G",1e-06,0,0,0,0,0
"462","T","RLR-G",2e-06,0,0,0,0,0
"463","T","RLR-G",3e-06,0,0,0,0,0
"472","T","RLR-G",3e-05,0,0,0,0,6
"473","T","RLR-G",4e-05,0,0,0,0,7
"474","T","RLR-G",5e-05,0,0,0,0,12
"475","T","RLR-G",6e-05,0,0,0,0,15
"480","T","RLR-G",2e-04,0,0,0,0,57
"481","T","RLR-G",3e-04,0,0,0,0,75
"482","T","RLR-G",4e-04,0,0,0,0,85
"507","T","VSN-G",1e-06,0,0,0,0,0
"508","T","VSN-G",2e-06,0,0,0,0,0
"509","T","VSN-G",3e-06,0,0,0,0,0
"518","T","VSN-G",3e-05,0,0,0,0,8
"519","T","VSN-G",4e-05,0,0,0,0,9
"520","T","VSN-G",5e-05,0,0,0,0,10
"521","T","VSN-G",6e-05,0,0,0,0,23
"522","T","VSN-G",7e-05,0,0,0,0,23
"523","T","VSN-G",8e-05,0,0,0,0,25
"524","T","VSN-G",9e-05,0,0,0,0,28
"525","T","VSN-G",1e-04,0,0,0,0,31
"526","T","VSN-G",2e-04,0,0,0,0,61
"527","T","VSN-G",3e-04,0,0,0,0,78
"528","T","VSN-G",4e-04,0,0,0,0,87
"529","T","VSN-G",5e-04,0,0,0,0,113
"530","T","VSN-G",6e-04,0,0,0,0,132
"531","T","VSN-G",7e-04,0,0,0,0,150
"599","T","MedI-G",1e-06,0,0,0,0,2
"600","T","MedI-G",2e-06,0,0,0,0,2
"601","T","MedI-G",3e-06,0,0,0,0,3
"602","T","MedI-G",4e-06,0,0,0,0,3
"603","T","MedI-G",5e-06,0,0,0,0,3
"604","T","MedI-G",6e-06,0,0,0,0,3
"605","T","MedI-G",7e-06,0,0,0,0,3
"606","T","MedI-G",8e-06,0,0,0,0,3
"607","T","MedI-G",9e-06,0,0,0,0,3
"608","T","MedI-G",1e-05,0,0,0,0,3
"609","T","MedI-G",2e-05,0,0,0,0,3
"610","T","MedI-G",3e-05,0,0,0,0,3
"611","T","MedI-G",4e-05,0,0,0,0,4
"612","T","MedI-G",5e-05,0,0,0,0,4
"613","T","MedI-G",6e-05,0,0,0,0,4
"614","T","MedI-G",7e-05,0,0,0,0,4
"615","T","MedI-G",8e-05,0,0,0,0,4
"616","T","MedI-G",9e-05,0,0,0,0,4
"617","T","MedI-G",1e-04,0,0,0,0,4
"618","T","MedI-G",2e-04,0,0,0,0,6
"619","T","MedI-G",3e-04,0,0,0,0,15
"620","T","MedI-G",4e-04,0,0,0,0,29
"621","T","MedI-G",5e-04,0,0,0,0,31
"622","T","MedI-G",6e-04,0,0,0,0,38
"623","T","MedI-G",7e-04,0,0,0,0,39
"624","T","MedI-G",8e-04,0,0,0,0,49
"625","T","MedI-G",9e-04,0,0,0,0,57
"626","T","MedI-G",0.001,0,0,0,0,64
"691","T","Quantile",1e-06,0,0,0,0,0
"692","T","Quantile",2e-06,0,0,0,0,0
"693","T","Quantile",3e-06,0,0,0,0,0
"694","T","Quantile",4e-06,0,0,0,0,0
"695","T","Quantile",5e-06,0,0,0,0,2
"696","T","Quantile",6e-06,0,0,0,0,2
"697","T","Quantile",7e-06,0,0,0,0,2
"698","T","Quantile",8e-06,0,0,0,0,2
"699","T","Quantile",9e-06,0,0,0,0,2
"700","T","Quantile",1e-05,0,0,0,0,2
"701","T","Quantile",2e-05,0,0,0,0,8
"702","T","Quantile",3e-05,0,0,0,0,9
"703","T","Quantile",4e-05,0,0,0,0,28
"704","T","Quantile",5e-05,0,0,0,0,30
"705","T","Quantile",6e-05,0,0,0,0,30
"706","T","Quantile",7e-05,0,0,0,0,32
"707","T","Quantile",8e-05,0,0,0,0,32
"708","T","Quantile",9e-05,0,0,0,0,34
"709","T","Quantile",1e-04,0,0,0,0,36
