"","DE","Normalisation","Threshold","Go_BP","Go_MF","Go_CC","Total","DEs"
"52","QM","RLR-G",6e-06,53,13,22,88,602
"51","QM","RLR-G",5e-06,53,12,22,87,592
"55","QM","RLR-G",9e-06,51,13,23,87,617
"54","QM","RLR-G",8e-06,52,12,22,86,612
"100","QM","VSN-G",8e-06,53,13,20,86,364
"56","QM","RLR-G",1e-05,50,13,22,85,621
"313","QM","Quantile",0.01,65,2,17,84,920
"53","QM","RLR-G",7e-06,49,12,22,83,609
"97","QM","VSN-G",5e-06,48,11,24,83,349
"99","QM","VSN-G",7e-06,51,13,19,83,362
"304","QM","Quantile",0.001,53,9,21,83,687
"312","QM","Quantile",0.009,64,2,17,83,905
"49","QM","RLR-G",3e-06,48,10,23,81,567
"98","QM","VSN-G",6e-06,49,11,21,81,356
"101","QM","VSN-G",9e-06,56,5,20,81,371
"102","QM","VSN-G",1e-05,55,5,20,80,374
"18","QM","Loess-G",9e-05,49,12,18,79,847
"104","QM","VSN-G",3e-05,53,6,20,79,418
"105","QM","VSN-G",4e-05,48,10,21,79,430
"311","QM","Quantile",0.008,60,2,17,79,893
"94","QM","VSN-G",2e-06,44,13,21,78,321
"95","QM","VSN-G",3e-06,45,11,21,77,335
"118","QM","VSN-G",8e-04,52,8,17,77,612
"120","QM","VSN-G",0.001,51,7,19,77,629
"19","QM","Loess-G",1e-04,50,11,15,76,858
"108","QM","VSN-G",7e-05,48,8,20,76,461
"109","QM","VSN-G",8e-05,48,9,19,76,467
"119","QM","VSN-G",9e-04,50,8,18,76,616
"133","QM","VSN-G",0.05,48,9,19,76,1096
"299","QM","Quantile",5e-04,48,6,22,76,620
"17","QM","Loess-G",8e-05,46,9,20,75,844
"50","QM","RLR-G",4e-06,41,13,21,75,580
"96","QM","VSN-G",4e-06,43,11,21,75,343
"115","QM","VSN-G",5e-04,47,9,19,75,588
"303","QM","Quantile",9e-04,48,8,19,75,677
"68","QM","RLR-G",4e-04,51,8,15,74,841
"111","QM","VSN-G",1e-04,46,9,19,74,479
"113","QM","VSN-G",3e-04,47,9,18,74,553
"301","QM","Quantile",7e-04,49,8,17,74,655
"310","QM","Quantile",0.007,55,2,17,74,879
"110","QM","VSN-G",9e-05,45,9,19,73,475
"114","QM","VSN-G",4e-04,46,10,17,73,574
"125","QM","VSN-G",0.006,43,11,19,73,801
"300","QM","Quantile",6e-04,47,6,20,73,639
"302","QM","Quantile",8e-04,47,8,18,73,663
"306","QM","Quantile",0.003,46,8,19,73,787
"308","QM","Quantile",0.005,49,6,18,73,837
"309","QM","Quantile",0.006,53,4,16,73,859
"4","QM","Loess-G",4e-06,41,11,20,72,688
"8","QM","Loess-G",8e-06,42,12,18,72,719
"12","QM","Loess-G",3e-05,46,10,16,72,781
"20","QM","Loess-G",2e-04,47,9,16,72,903
"47","QM","RLR-G",1e-06,43,11,18,72,526
"48","QM","RLR-G",2e-06,41,9,22,72,549
"57","QM","RLR-G",2e-05,40,10,22,72,661
"106","QM","VSN-G",5e-05,44,9,19,72,443
"16","QM","Loess-G",7e-05,43,10,18,71,834
"26","QM","Loess-G",8e-04,54,3,14,71,1010
"107","QM","VSN-G",6e-05,44,8,19,71,453
"117","QM","VSN-G",7e-04,47,7,17,71,603
"121","QM","VSN-G",0.002,44,10,17,71,694
"288","QM","Quantile",3e-05,46,7,18,71,468
"9","QM","Loess-G",9e-06,38,14,18,70,725
"11","QM","Loess-G",2e-05,45,8,17,70,760
"124","QM","VSN-G",0.005,43,9,18,70,781
"134","QM","VSN-G",0.06,46,5,19,70,1140
"291","QM","Quantile",6e-05,46,6,18,70,493
"6","QM","Loess-G",6e-06,39,11,19,69,705
"116","QM","VSN-G",6e-04,44,8,17,69,596
"5","QM","Loess-G",5e-06,38,11,19,68,697
"67","QM","RLR-G",3e-04,44,7,17,68,821
"103","QM","VSN-G",2e-05,42,5,21,68,404
"112","QM","VSN-G",2e-04,42,8,18,68,529
"13","QM","Loess-G",4e-05,42,10,15,67,803
"14","QM","Loess-G",5e-05,41,10,16,67,812
"15","QM","Loess-G",6e-05,40,9,18,67,824
"59","QM","RLR-G",4e-05,36,11,20,67,696
"62","QM","RLR-G",7e-05,40,9,18,67,729
"127","QM","VSN-G",0.008,37,9,21,67,834
"296","QM","Quantile",2e-04,44,5,18,67,559
"298","QM","Quantile",4e-04,42,7,18,67,606
"305","QM","Quantile",0.002,45,7,15,67,754
"314","QM","Quantile",0.02,49,2,16,67,1036
"63","QM","RLR-G",8e-05,38,11,17,66,737
"74","QM","RLR-G",0.001,44,5,17,66,911
"93","QM","VSN-G",1e-06,35,13,18,66,300
"123","QM","VSN-G",0.004,39,11,16,66,761
"130","QM","VSN-G",0.02,41,10,14,65,955
"135","QM","VSN-G",0.07,48,3,14,65,1172
"289","QM","Quantile",4e-05,40,7,18,65,478
"292","QM","Quantile",7e-05,40,6,19,65,505
"294","QM","Quantile",9e-05,40,8,17,65,519
"3","QM","Loess-G",3e-06,33,11,20,64,669
"10","QM","Loess-G",1e-05,40,6,18,64,730
"58","QM","RLR-G",3e-05,32,11,21,64,681
"128","QM","VSN-G",0.009,39,6,19,64,853
"129","QM","VSN-G",0.01,37,9,18,64,865
"1","QM","Loess-G",1e-06,36,9,18,63,628
"66","QM","RLR-G",2e-04,39,8,16,63,794
"283","QM","Quantile",7e-06,40,2,21,63,407
"293","QM","Quantile",8e-05,38,6,19,63,512
"7","QM","Loess-G",7e-06,33,10,19,62,712
"61","QM","RLR-G",6e-05,35,9,18,62,721
"64","QM","RLR-G",9e-05,36,9,17,62,745
"65","QM","RLR-G",1e-04,36,9,17,62,749
"72","QM","RLR-G",8e-04,43,4,15,62,903
"73","QM","RLR-G",9e-04,42,5,15,62,910
"122","QM","VSN-G",0.003,37,9,16,62,732
"126","QM","VSN-G",0.007,36,7,19,62,816
"280","QM","Quantile",4e-06,41,3,18,62,381
"285","QM","Quantile",9e-06,38,3,21,62,413
"287","QM","Quantile",2e-05,38,5,19,62,449
"290","QM","Quantile",5e-05,38,6,18,62,483
"295","QM","Quantile",1e-04,39,7,16,62,525
"307","QM","Quantile",0.004,40,4,18,62,816
"24","QM","Loess-G",6e-04,42,4,15,61,981
"60","QM","RLR-G",5e-05,33,8,20,61,714
"136","QM","VSN-G",0.08,44,4,13,61,1198
"284","QM","Quantile",8e-06,38,2,21,61,410
"2","QM","Loess-G",2e-06,30,10,20,60,652
"138","QM","VSN-G",0.1,40,6,14,60,1256
"278","QM","Quantile",2e-06,36,4,20,60,362
"297","QM","Quantile",3e-04,35,6,19,60,580
"279","QM","Quantile",3e-06,35,4,20,59,376
"282","QM","Quantile",6e-06,38,2,19,59,399
"27","QM","Loess-G",9e-04,41,3,14,58,1024
"28","QM","Loess-G",0.001,39,5,14,58,1034
"75","QM","RLR-G",0.002,38,3,17,58,965
"69","QM","RLR-G",5e-04,40,3,14,57,859
"137","QM","VSN-G",0.09,40,3,14,57,1226
"281","QM","Quantile",5e-06,39,2,16,57,391
"21","QM","Loess-G",3e-04,37,2,17,56,933
"286","QM","Quantile",1e-05,33,3,20,56,417
"22","QM","Loess-G",4e-04,36,2,17,55,952
"25","QM","Loess-G",7e-04,39,3,13,55,996
"132","QM","VSN-G",0.04,31,7,17,55,1053
"70","QM","RLR-G",6e-04,33,5,16,54,877
"131","QM","VSN-G",0.03,32,7,14,53,1011
"23","QM","Loess-G",5e-04,36,2,12,50,967
"71","QM","RLR-G",7e-04,29,5,16,50,891
"29","QM","Loess-G",0.002,30,3,14,47,1094
"277","QM","Quantile",1e-06,25,2,20,47,342
"33","QM","Loess-G",0.006,33,4,9,46,1222
"39","QM","Loess-G",0.03,34,4,8,46,1434
"76","QM","RLR-G",0.003,27,4,14,45,1007
"315","QM","Quantile",0.03,31,4,10,45,1095
"30","QM","Loess-G",0.003,32,3,9,44,1141
"34","QM","Loess-G",0.007,32,3,9,44,1239
"38","QM","Loess-G",0.02,30,4,8,42,1379
"318","QM","Quantile",0.06,29,3,10,42,1221
"321","QM","Quantile",0.09,32,2,7,41,1300
"320","QM","Quantile",0.08,30,3,6,39,1283
"322","QM","Quantile",0.1,30,2,7,39,1323
"32","QM","Loess-G",0.005,25,4,9,38,1205
"317","QM","Quantile",0.05,28,3,7,38,1188
"316","QM","Quantile",0.04,25,3,9,37,1157
"35","QM","Loess-G",0.008,24,3,9,36,1254
"31","QM","Loess-G",0.004,26,1,8,35,1172
"77","QM","RLR-G",0.004,20,3,11,34,1040
"319","QM","Quantile",0.07,24,3,7,34,1253
"41","QM","Loess-G",0.05,26,3,2,31,1509
"37","QM","Loess-G",0.01,19,3,7,29,1285
"36","QM","Loess-G",0.009,18,3,7,28,1273
"40","QM","Loess-G",0.04,21,3,3,27,1474
"42","QM","Loess-G",0.06,22,2,2,26,1552
"43","QM","Loess-G",0.07,20,0,2,22,1585
"85","QM","RLR-G",0.03,14,2,6,22,1329
"78","QM","RLR-G",0.005,4,2,11,17,1080
"80","QM","RLR-G",0.007,4,2,9,15,1128
"81","QM","RLR-G",0.008,3,3,9,15,1146
"82","QM","RLR-G",0.009,4,3,8,15,1158
"86","QM","RLR-G",0.04,7,3,5,15,1380
"83","QM","RLR-G",0.01,4,3,7,14,1170
"79","QM","RLR-G",0.006,2,2,9,13,1108
"87","QM","RLR-G",0.05,6,3,3,12,1421
"88","QM","RLR-G",0.06,5,4,3,12,1444
"174","QM","TI-G",0.009,12,0,0,12,10
"84","QM","RLR-G",0.02,2,2,6,10,1258
"90","QM","RLR-G",0.08,8,0,2,10,1500
"89","QM","RLR-G",0.07,4,1,3,8,1471
"168","QM","TI-G",0.003,0,7,0,7,3
"169","QM","TI-G",0.004,0,7,0,7,3
"139","QM","TI-G",1e-06,3,3,0,6,1
"140","QM","TI-G",2e-06,3,3,0,6,1
"141","QM","TI-G",3e-06,3,3,0,6,1
"142","QM","TI-G",4e-06,3,3,0,6,1
"143","QM","TI-G",5e-06,3,3,0,6,1
"144","QM","TI-G",6e-06,3,3,0,6,1
"145","QM","TI-G",7e-06,3,3,0,6,1
"146","QM","TI-G",8e-06,3,3,0,6,1
"147","QM","TI-G",9e-06,3,3,0,6,1
"148","QM","TI-G",1e-05,3,3,0,6,1
"149","QM","TI-G",2e-05,3,3,0,6,1
"150","QM","TI-G",3e-05,3,3,0,6,1
"151","QM","TI-G",4e-05,3,3,0,6,1
"152","QM","TI-G",5e-05,3,3,0,6,1
"153","QM","TI-G",6e-05,3,3,0,6,1
"154","QM","TI-G",7e-05,3,3,0,6,1
"155","QM","TI-G",8e-05,3,3,0,6,1
"156","QM","TI-G",9e-05,3,3,0,6,1
"157","QM","TI-G",1e-04,3,3,0,6,1
"158","QM","TI-G",2e-04,3,3,0,6,1
"159","QM","TI-G",3e-04,3,3,0,6,1
"160","QM","TI-G",4e-04,3,3,0,6,1
"161","QM","TI-G",5e-04,3,3,0,6,1
"162","QM","TI-G",6e-04,3,3,0,6,1
"163","QM","TI-G",7e-04,3,3,0,6,1
"185","QM","MedI-G",1e-06,3,3,0,6,1
"186","QM","MedI-G",2e-06,3,3,0,6,1
"187","QM","MedI-G",3e-06,3,3,0,6,1
"188","QM","MedI-G",4e-06,3,3,0,6,1
"189","QM","MedI-G",5e-06,3,3,0,6,1
"190","QM","MedI-G",6e-06,3,3,0,6,1
"191","QM","MedI-G",7e-06,3,3,0,6,1
"192","QM","MedI-G",8e-06,3,3,0,6,1
"193","QM","MedI-G",9e-06,3,3,0,6,1
"194","QM","MedI-G",1e-05,3,3,0,6,1
"195","QM","MedI-G",2e-05,3,3,0,6,1
"196","QM","MedI-G",3e-05,3,3,0,6,1
"197","QM","MedI-G",4e-05,3,3,0,6,1
"198","QM","MedI-G",5e-05,3,3,0,6,1
"199","QM","MedI-G",6e-05,3,3,0,6,1
"200","QM","MedI-G",7e-05,3,3,0,6,1
"201","QM","MedI-G",8e-05,3,3,0,6,1
"202","QM","MedI-G",9e-05,3,3,0,6,1
"203","QM","MedI-G",1e-04,3,3,0,6,1
"204","QM","MedI-G",2e-04,3,3,0,6,1
"205","QM","MedI-G",3e-04,3,3,0,6,1
"206","QM","MedI-G",4e-04,3,3,0,6,1
"207","QM","MedI-G",5e-04,3,3,0,6,1
"208","QM","MedI-G",6e-04,3,3,0,6,1
"231","QM","AI-G",1e-06,3,3,0,6,1
"232","QM","AI-G",2e-06,3,3,0,6,1
"233","QM","AI-G",3e-06,3,3,0,6,1
"234","QM","AI-G",4e-06,3,3,0,6,1
"235","QM","AI-G",5e-06,3,3,0,6,1
"236","QM","AI-G",6e-06,3,3,0,6,1
"237","QM","AI-G",7e-06,3,3,0,6,1
"238","QM","AI-G",8e-06,3,3,0,6,1
"239","QM","AI-G",9e-06,3,3,0,6,1
"240","QM","AI-G",1e-05,3,3,0,6,1
"241","QM","AI-G",2e-05,3,3,0,6,1
"242","QM","AI-G",3e-05,3,3,0,6,1
"243","QM","AI-G",4e-05,3,3,0,6,1
"244","QM","AI-G",5e-05,3,3,0,6,1
"245","QM","AI-G",6e-05,3,3,0,6,1
"246","QM","AI-G",7e-05,3,3,0,6,1
"247","QM","AI-G",8e-05,3,3,0,6,1
"248","QM","AI-G",9e-05,3,3,0,6,1
"249","QM","AI-G",1e-04,3,3,0,6,1
"250","QM","AI-G",2e-04,3,3,0,6,1
"175","QM","TI-G",0.01,5,0,0,5,12
"262","QM","AI-G",0.005,0,3,2,5,7
"44","QM","Loess-G",0.08,0,2,2,4,1613
"91","QM","RLR-G",0.09,2,0,2,4,1522
"92","QM","RLR-G",0.1,2,0,2,4,1542
"211","QM","MedI-G",9e-04,2,1,0,3,3
"212","QM","MedI-G",0.001,2,1,0,3,3
"213","QM","MedI-G",0.002,0,3,0,3,4
"263","QM","AI-G",0.006,0,0,3,3,9
"264","QM","AI-G",0.007,0,0,3,3,9
"45","QM","Loess-G",0.09,0,0,2,2,1636
"46","QM","Loess-G",0.1,0,0,2,2,1652
"177","QM","TI-G",0.03,0,2,0,2,26
"214","QM","MedI-G",0.003,0,1,0,1,5
"164","QM","TI-G",8e-04,0,0,0,0,2
"165","QM","TI-G",9e-04,0,0,0,0,2
"166","QM","TI-G",0.001,0,0,0,0,2
"167","QM","TI-G",0.002,0,0,0,0,2
"170","QM","TI-G",0.005,0,0,0,0,5
"171","QM","TI-G",0.006,0,0,0,0,6
"172","QM","TI-G",0.007,0,0,0,0,6
"173","QM","TI-G",0.008,0,0,0,0,8
"176","QM","TI-G",0.02,0,0,0,0,19
"178","QM","TI-G",0.04,0,0,0,0,38
"179","QM","TI-G",0.05,0,0,0,0,51
"180","QM","TI-G",0.06,0,0,0,0,58
"181","QM","TI-G",0.07,0,0,0,0,71
"182","QM","TI-G",0.08,0,0,0,0,82
"183","QM","TI-G",0.09,0,0,0,0,93
"184","QM","TI-G",0.1,0,0,0,0,109
"209","QM","MedI-G",7e-04,0,0,0,0,2
"210","QM","MedI-G",8e-04,0,0,0,0,2
"215","QM","MedI-G",0.004,0,0,0,0,7
"216","QM","MedI-G",0.005,0,0,0,0,8
"217","QM","MedI-G",0.006,0,0,0,0,10
"218","QM","MedI-G",0.007,0,0,0,0,10
"219","QM","MedI-G",0.008,0,0,0,0,11
"220","QM","MedI-G",0.009,0,0,0,0,12
"221","QM","MedI-G",0.01,0,0,0,0,13
"222","QM","MedI-G",0.02,0,0,0,0,19
"223","QM","MedI-G",0.03,0,0,0,0,27
"224","QM","MedI-G",0.04,0,0,0,0,35
"225","QM","MedI-G",0.05,0,0,0,0,46
"226","QM","MedI-G",0.06,0,0,0,0,53
"227","QM","MedI-G",0.07,0,0,0,0,62
"228","QM","MedI-G",0.08,0,0,0,0,76
"229","QM","MedI-G",0.09,0,0,0,0,87
"230","QM","MedI-G",0.1,0,0,0,0,100
"251","QM","AI-G",3e-04,0,0,0,0,2
"252","QM","AI-G",4e-04,0,0,0,0,2
"253","QM","AI-G",5e-04,0,0,0,0,2
"254","QM","AI-G",6e-04,0,0,0,0,2
"255","QM","AI-G",7e-04,0,0,0,0,2
"256","QM","AI-G",8e-04,0,0,0,0,2
"257","QM","AI-G",9e-04,0,0,0,0,3
"258","QM","AI-G",0.001,0,0,0,0,3
"259","QM","AI-G",0.002,0,0,0,0,4
"260","QM","AI-G",0.003,0,0,0,0,4
"261","QM","AI-G",0.004,0,0,0,0,5
"265","QM","AI-G",0.008,0,0,0,0,10
"266","QM","AI-G",0.009,0,0,0,0,10
"267","QM","AI-G",0.01,0,0,0,0,10
"268","QM","AI-G",0.02,0,0,0,0,17
"269","QM","AI-G",0.03,0,0,0,0,27
"270","QM","AI-G",0.04,0,0,0,0,33
"271","QM","AI-G",0.05,0,0,0,0,46
"272","QM","AI-G",0.06,0,0,0,0,54
"273","QM","AI-G",0.07,0,0,0,0,65
"274","QM","AI-G",0.08,0,0,0,0,77
"275","QM","AI-G",0.09,0,0,0,0,84
"276","QM","AI-G",0.1,0,0,0,0,93
"323","T","Loess-G",1e-06,0,0,0,0,0
"324","T","Loess-G",2e-06,0,0,0,0,0
"325","T","Loess-G",3e-06,0,0,0,0,0
"326","T","Loess-G",4e-06,0,0,0,0,0
"327","T","Loess-G",5e-06,0,0,0,0,0
"328","T","Loess-G",6e-06,0,0,0,0,0
"329","T","Loess-G",7e-06,0,0,0,0,0
"330","T","Loess-G",8e-06,0,0,0,0,0
"331","T","Loess-G",9e-06,0,0,0,0,0
"332","T","Loess-G",1e-05,0,0,0,0,0
"333","T","Loess-G",2e-05,0,0,0,0,0
"334","T","Loess-G",3e-05,0,0,0,0,0
"335","T","Loess-G",4e-05,0,0,0,0,0
"336","T","Loess-G",5e-05,0,0,0,0,0
"337","T","Loess-G",6e-05,0,0,0,0,0
"338","T","Loess-G",7e-05,0,0,0,0,0
"339","T","Loess-G",8e-05,0,0,0,0,0
"340","T","Loess-G",9e-05,0,0,0,0,0
"341","T","Loess-G",1e-04,0,0,0,0,0
"342","T","Loess-G",2e-04,0,0,0,0,0
"343","T","Loess-G",3e-04,0,0,0,0,0
"344","T","Loess-G",4e-04,0,0,0,0,0
"345","T","Loess-G",5e-04,0,0,0,0,0
"346","T","Loess-G",6e-04,0,0,0,0,0
"347","T","Loess-G",7e-04,0,0,0,0,0
"348","T","Loess-G",8e-04,0,0,0,0,0
"349","T","Loess-G",9e-04,0,0,0,0,0
"350","T","Loess-G",0.001,0,0,0,0,0
"351","T","Loess-G",0.002,0,0,0,0,0
"352","T","Loess-G",0.003,0,0,0,0,0
"353","T","Loess-G",0.004,0,0,0,0,0
"354","T","Loess-G",0.005,0,0,0,0,0
"355","T","Loess-G",0.006,0,0,0,0,0
"356","T","Loess-G",0.007,0,0,0,0,0
"357","T","Loess-G",0.008,0,0,0,0,0
"358","T","Loess-G",0.009,0,0,0,0,0
"359","T","Loess-G",0.01,0,0,0,0,0
"360","T","Loess-G",0.02,0,0,0,0,0
"361","T","Loess-G",0.03,0,0,0,0,0
"362","T","Loess-G",0.04,0,0,0,0,0
"363","T","Loess-G",0.05,0,0,0,0,0
"364","T","Loess-G",0.06,0,0,0,0,0
"365","T","Loess-G",0.07,0,0,0,0,0
"366","T","Loess-G",0.08,0,0,0,0,0
"367","T","Loess-G",0.09,0,0,0,0,0
"368","T","Loess-G",0.1,0,0,0,0,0
"369","T","RLR-G",1e-06,0,0,0,0,0
"370","T","RLR-G",2e-06,0,0,0,0,0
"371","T","RLR-G",3e-06,0,0,0,0,0
"372","T","RLR-G",4e-06,0,0,0,0,0
"373","T","RLR-G",5e-06,0,0,0,0,0
"374","T","RLR-G",6e-06,0,0,0,0,0
"375","T","RLR-G",7e-06,0,0,0,0,0
"376","T","RLR-G",8e-06,0,0,0,0,0
"377","T","RLR-G",9e-06,0,0,0,0,0
"378","T","RLR-G",1e-05,0,0,0,0,0
"379","T","RLR-G",2e-05,0,0,0,0,0
"380","T","RLR-G",3e-05,0,0,0,0,0
"381","T","RLR-G",4e-05,0,0,0,0,0
"382","T","RLR-G",5e-05,0,0,0,0,0
"383","T","RLR-G",6e-05,0,0,0,0,0
"384","T","RLR-G",7e-05,0,0,0,0,0
"385","T","RLR-G",8e-05,0,0,0,0,0
"386","T","RLR-G",9e-05,0,0,0,0,0
"387","T","RLR-G",1e-04,0,0,0,0,0
"388","T","RLR-G",2e-04,0,0,0,0,0
"389","T","RLR-G",3e-04,0,0,0,0,0
"390","T","RLR-G",4e-04,0,0,0,0,0
"391","T","RLR-G",5e-04,0,0,0,0,0
"392","T","RLR-G",6e-04,0,0,0,0,0
"393","T","RLR-G",7e-04,0,0,0,0,0
"394","T","RLR-G",8e-04,0,0,0,0,0
"395","T","RLR-G",9e-04,0,0,0,0,0
"396","T","RLR-G",0.001,0,0,0,0,0
"397","T","RLR-G",0.002,0,0,0,0,0
"398","T","RLR-G",0.003,0,0,0,0,0
"399","T","RLR-G",0.004,0,0,0,0,0
"400","T","RLR-G",0.005,0,0,0,0,0
"401","T","RLR-G",0.006,0,0,0,0,0
"402","T","RLR-G",0.007,0,0,0,0,0
"403","T","RLR-G",0.008,0,0,0,0,0
"404","T","RLR-G",0.009,0,0,0,0,0
"405","T","RLR-G",0.01,0,0,0,0,0
"406","T","RLR-G",0.02,0,0,0,0,0
"407","T","RLR-G",0.03,0,0,0,0,0
"408","T","RLR-G",0.04,0,0,0,0,0
"409","T","RLR-G",0.05,0,0,0,0,0
"410","T","RLR-G",0.06,0,0,0,0,0
"411","T","RLR-G",0.07,0,0,0,0,0
"412","T","RLR-G",0.08,0,0,0,0,0
"413","T","RLR-G",0.09,0,0,0,0,0
"414","T","RLR-G",0.1,0,0,0,0,0
"415","T","VSN-G",1e-06,0,0,0,0,0
"416","T","VSN-G",2e-06,0,0,0,0,0
"417","T","VSN-G",3e-06,0,0,0,0,0
"418","T","VSN-G",4e-06,0,0,0,0,0
"419","T","VSN-G",5e-06,0,0,0,0,0
"420","T","VSN-G",6e-06,0,0,0,0,0
"421","T","VSN-G",7e-06,0,0,0,0,0
"422","T","VSN-G",8e-06,0,0,0,0,0
"423","T","VSN-G",9e-06,0,0,0,0,0
"424","T","VSN-G",1e-05,0,0,0,0,0
"425","T","VSN-G",2e-05,0,0,0,0,0
"426","T","VSN-G",3e-05,0,0,0,0,0
"427","T","VSN-G",4e-05,0,0,0,0,0
"428","T","VSN-G",5e-05,0,0,0,0,0
"429","T","VSN-G",6e-05,0,0,0,0,0
"430","T","VSN-G",7e-05,0,0,0,0,0
"431","T","VSN-G",8e-05,0,0,0,0,0
"432","T","VSN-G",9e-05,0,0,0,0,0
"433","T","VSN-G",1e-04,0,0,0,0,0
"434","T","VSN-G",2e-04,0,0,0,0,0
"435","T","VSN-G",3e-04,0,0,0,0,0
"436","T","VSN-G",4e-04,0,0,0,0,0
"437","T","VSN-G",5e-04,0,0,0,0,0
"438","T","VSN-G",6e-04,0,0,0,0,0
"439","T","VSN-G",7e-04,0,0,0,0,0
"440","T","VSN-G",8e-04,0,0,0,0,0
"441","T","VSN-G",9e-04,0,0,0,0,0
"442","T","VSN-G",0.001,0,0,0,0,0
"443","T","VSN-G",0.002,0,0,0,0,0
"444","T","VSN-G",0.003,0,0,0,0,0
"445","T","VSN-G",0.004,0,0,0,0,0
"446","T","VSN-G",0.005,0,0,0,0,0
"447","T","VSN-G",0.006,0,0,0,0,0
"448","T","VSN-G",0.007,0,0,0,0,0
"449","T","VSN-G",0.008,0,0,0,0,0
"450","T","VSN-G",0.009,0,0,0,0,0
"451","T","VSN-G",0.01,0,0,0,0,0
"452","T","VSN-G",0.02,0,0,0,0,0
"453","T","VSN-G",0.03,0,0,0,0,0
"454","T","VSN-G",0.04,0,0,0,0,0
"455","T","VSN-G",0.05,0,0,0,0,0
"456","T","VSN-G",0.06,0,0,0,0,0
"457","T","VSN-G",0.07,0,0,0,0,0
"458","T","VSN-G",0.08,0,0,0,0,0
"459","T","VSN-G",0.09,0,0,0,0,0
"460","T","VSN-G",0.1,0,0,0,0,0
"461","T","TI-G",1e-06,0,0,0,0,0
"462","T","TI-G",2e-06,0,0,0,0,0
"463","T","TI-G",3e-06,0,0,0,0,0
"464","T","TI-G",4e-06,0,0,0,0,0
"465","T","TI-G",5e-06,0,0,0,0,0
"466","T","TI-G",6e-06,0,0,0,0,0
"467","T","TI-G",7e-06,0,0,0,0,0
"468","T","TI-G",8e-06,0,0,0,0,0
"469","T","TI-G",9e-06,0,0,0,0,0
"470","T","TI-G",1e-05,0,0,0,0,0
"471","T","TI-G",2e-05,0,0,0,0,0
"472","T","TI-G",3e-05,0,0,0,0,0
"473","T","TI-G",4e-05,0,0,0,0,0
"474","T","TI-G",5e-05,0,0,0,0,0
"475","T","TI-G",6e-05,0,0,0,0,0
"476","T","TI-G",7e-05,0,0,0,0,0
"477","T","TI-G",8e-05,0,0,0,0,0
"478","T","TI-G",9e-05,0,0,0,0,0
"479","T","TI-G",1e-04,0,0,0,0,0
"480","T","TI-G",2e-04,0,0,0,0,0
"481","T","TI-G",3e-04,0,0,0,0,0
"482","T","TI-G",4e-04,0,0,0,0,0
"483","T","TI-G",5e-04,0,0,0,0,0
"484","T","TI-G",6e-04,0,0,0,0,0
"485","T","TI-G",7e-04,0,0,0,0,0
"486","T","TI-G",8e-04,0,0,0,0,0
"487","T","TI-G",9e-04,0,0,0,0,0
"488","T","TI-G",0.001,0,0,0,0,0
"489","T","TI-G",0.002,0,0,0,0,0
"490","T","TI-G",0.003,0,0,0,0,0
"491","T","TI-G",0.004,0,0,0,0,0
"492","T","TI-G",0.005,0,0,0,0,0
"493","T","TI-G",0.006,0,0,0,0,0
"494","T","TI-G",0.007,0,0,0,0,0
"495","T","TI-G",0.008,0,0,0,0,0
"496","T","TI-G",0.009,0,0,0,0,0
"497","T","TI-G",0.01,0,0,0,0,0
"498","T","TI-G",0.02,0,0,0,0,0
"499","T","TI-G",0.03,0,0,0,0,0
"500","T","TI-G",0.04,0,0,0,0,0
"501","T","TI-G",0.05,0,0,0,0,0
"502","T","TI-G",0.06,0,0,0,0,0
"503","T","TI-G",0.07,0,0,0,0,0
"504","T","TI-G",0.08,0,0,0,0,0
"505","T","TI-G",0.09,0,0,0,0,0
"506","T","TI-G",0.1,0,0,0,0,0
"507","T","MedI-G",1e-06,0,0,0,0,0
"508","T","MedI-G",2e-06,0,0,0,0,0
"509","T","MedI-G",3e-06,0,0,0,0,0
"510","T","MedI-G",4e-06,0,0,0,0,0
"511","T","MedI-G",5e-06,0,0,0,0,0
"512","T","MedI-G",6e-06,0,0,0,0,0
"513","T","MedI-G",7e-06,0,0,0,0,0
"514","T","MedI-G",8e-06,0,0,0,0,0
"515","T","MedI-G",9e-06,0,0,0,0,0
"516","T","MedI-G",1e-05,0,0,0,0,0
"517","T","MedI-G",2e-05,0,0,0,0,0
"518","T","MedI-G",3e-05,0,0,0,0,0
"519","T","MedI-G",4e-05,0,0,0,0,0
"520","T","MedI-G",5e-05,0,0,0,0,0
"521","T","MedI-G",6e-05,0,0,0,0,0
"522","T","MedI-G",7e-05,0,0,0,0,0
"523","T","MedI-G",8e-05,0,0,0,0,0
"524","T","MedI-G",9e-05,0,0,0,0,0
"525","T","MedI-G",1e-04,0,0,0,0,0
"526","T","MedI-G",2e-04,0,0,0,0,0
"527","T","MedI-G",3e-04,0,0,0,0,0
"528","T","MedI-G",4e-04,0,0,0,0,0
"529","T","MedI-G",5e-04,0,0,0,0,0
"530","T","MedI-G",6e-04,0,0,0,0,0
"531","T","MedI-G",7e-04,0,0,0,0,0
"532","T","MedI-G",8e-04,0,0,0,0,0
"533","T","MedI-G",9e-04,0,0,0,0,0
"534","T","MedI-G",0.001,0,0,0,0,0
"535","T","MedI-G",0.002,0,0,0,0,0
"536","T","MedI-G",0.003,0,0,0,0,0
"537","T","MedI-G",0.004,0,0,0,0,0
"538","T","MedI-G",0.005,0,0,0,0,0
"539","T","MedI-G",0.006,0,0,0,0,0
"540","T","MedI-G",0.007,0,0,0,0,0
"541","T","MedI-G",0.008,0,0,0,0,0
"542","T","MedI-G",0.009,0,0,0,0,0
"543","T","MedI-G",0.01,0,0,0,0,0
"544","T","MedI-G",0.02,0,0,0,0,0
"545","T","MedI-G",0.03,0,0,0,0,0
"546","T","MedI-G",0.04,0,0,0,0,0
"547","T","MedI-G",0.05,0,0,0,0,0
"548","T","MedI-G",0.06,0,0,0,0,0
"549","T","MedI-G",0.07,0,0,0,0,0
"550","T","MedI-G",0.08,0,0,0,0,0
"551","T","MedI-G",0.09,0,0,0,0,0
"552","T","MedI-G",0.1,0,0,0,0,0
"553","T","AI-G",1e-06,0,0,0,0,0
"554","T","AI-G",2e-06,0,0,0,0,0
"555","T","AI-G",3e-06,0,0,0,0,0
"556","T","AI-G",4e-06,0,0,0,0,0
"557","T","AI-G",5e-06,0,0,0,0,0
"558","T","AI-G",6e-06,0,0,0,0,0
"559","T","AI-G",7e-06,0,0,0,0,0
"560","T","AI-G",8e-06,0,0,0,0,0
"561","T","AI-G",9e-06,0,0,0,0,0
"562","T","AI-G",1e-05,0,0,0,0,0
"563","T","AI-G",2e-05,0,0,0,0,0
"564","T","AI-G",3e-05,0,0,0,0,0
"565","T","AI-G",4e-05,0,0,0,0,0
"566","T","AI-G",5e-05,0,0,0,0,0
"567","T","AI-G",6e-05,0,0,0,0,0
"568","T","AI-G",7e-05,0,0,0,0,0
"569","T","AI-G",8e-05,0,0,0,0,0
"570","T","AI-G",9e-05,0,0,0,0,0
"571","T","AI-G",1e-04,0,0,0,0,0
"572","T","AI-G",2e-04,0,0,0,0,0
"573","T","AI-G",3e-04,0,0,0,0,0
"574","T","AI-G",4e-04,0,0,0,0,0
"575","T","AI-G",5e-04,0,0,0,0,0
"576","T","AI-G",6e-04,0,0,0,0,0
"577","T","AI-G",7e-04,0,0,0,0,0
"578","T","AI-G",8e-04,0,0,0,0,0
"579","T","AI-G",9e-04,0,0,0,0,0
"580","T","AI-G",0.001,0,0,0,0,0
"581","T","AI-G",0.002,0,0,0,0,0
"582","T","AI-G",0.003,0,0,0,0,0
"583","T","AI-G",0.004,0,0,0,0,0
"584","T","AI-G",0.005,0,0,0,0,0
"585","T","AI-G",0.006,0,0,0,0,0
"586","T","AI-G",0.007,0,0,0,0,0
"587","T","AI-G",0.008,0,0,0,0,0
"588","T","AI-G",0.009,0,0,0,0,0
"589","T","AI-G",0.01,0,0,0,0,0
"590","T","AI-G",0.02,0,0,0,0,0
"591","T","AI-G",0.03,0,0,0,0,0
"592","T","AI-G",0.04,0,0,0,0,0
"593","T","AI-G",0.05,0,0,0,0,0
"594","T","AI-G",0.06,0,0,0,0,0
"595","T","AI-G",0.07,0,0,0,0,0
"596","T","AI-G",0.08,0,0,0,0,0
"597","T","AI-G",0.09,0,0,0,0,0
"598","T","AI-G",0.1,0,0,0,0,0
"599","T","Quantile",1e-06,0,0,0,0,0
"600","T","Quantile",2e-06,0,0,0,0,0
"601","T","Quantile",3e-06,0,0,0,0,0
"602","T","Quantile",4e-06,0,0,0,0,0
"603","T","Quantile",5e-06,0,0,0,0,0
"604","T","Quantile",6e-06,0,0,0,0,0
"605","T","Quantile",7e-06,0,0,0,0,0
"606","T","Quantile",8e-06,0,0,0,0,0
"607","T","Quantile",9e-06,0,0,0,0,0
"608","T","Quantile",1e-05,0,0,0,0,0
"609","T","Quantile",2e-05,0,0,0,0,0
"610","T","Quantile",3e-05,0,0,0,0,0
"611","T","Quantile",4e-05,0,0,0,0,0
"612","T","Quantile",5e-05,0,0,0,0,0
"613","T","Quantile",6e-05,0,0,0,0,0
"614","T","Quantile",7e-05,0,0,0,0,0
"615","T","Quantile",8e-05,0,0,0,0,0
"616","T","Quantile",9e-05,0,0,0,0,0
"617","T","Quantile",1e-04,0,0,0,0,0
"618","T","Quantile",2e-04,0,0,0,0,0
"619","T","Quantile",3e-04,0,0,0,0,0
"620","T","Quantile",4e-04,0,0,0,0,0
"621","T","Quantile",5e-04,0,0,0,0,0
"622","T","Quantile",6e-04,0,0,0,0,0
"623","T","Quantile",7e-04,0,0,0,0,0
"624","T","Quantile",8e-04,0,0,0,0,0
"625","T","Quantile",9e-04,0,0,0,0,0
"626","T","Quantile",0.001,0,0,0,0,0
"627","T","Quantile",0.002,0,0,0,0,0
"628","T","Quantile",0.003,0,0,0,0,0
"629","T","Quantile",0.004,0,0,0,0,0
"630","T","Quantile",0.005,0,0,0,0,0
"631","T","Quantile",0.006,0,0,0,0,0
"632","T","Quantile",0.007,0,0,0,0,0
"633","T","Quantile",0.008,0,0,0,0,0
"634","T","Quantile",0.009,0,0,0,0,0
"635","T","Quantile",0.01,0,0,0,0,0
"636","T","Quantile",0.02,0,0,0,0,0
"637","T","Quantile",0.03,0,0,0,0,0
"638","T","Quantile",0.04,0,0,0,0,0
"639","T","Quantile",0.05,0,0,0,0,0
"640","T","Quantile",0.06,0,0,0,0,0
"641","T","Quantile",0.07,0,0,0,0,0
"642","T","Quantile",0.08,0,0,0,0,0
"643","T","Quantile",0.09,0,0,0,0,0
"644","T","Quantile",0.1,0,0,0,0,0
