"","DE","Normalisation","Threshold","Go_BP","Go_MF","Go_CC","Total","DEs"
"277","QM","VSN-G",1e-06,53,5,10,68,184
"1106","BT","VSN-G",1e-06,53,5,10,68,184
"289","QM","VSN-G",4e-05,43,3,12,58,239
"1316","BT","VSN-G",4e-05,43,3,12,58,239
"288","QM","VSN-G",3e-05,42,3,12,57,234
"1216","BT","VSN-G",3e-05,42,3,12,57,234
"282","QM","VSN-G",6e-06,42,3,10,55,210
"283","QM","VSN-G",7e-06,42,3,10,55,210
"616","BT","VSN-G",6e-06,42,3,10,55,210
"716","BT","VSN-G",7e-06,42,3,10,55,210
"287","QM","VSN-G",2e-05,41,2,11,54,228
"1116","BT","VSN-G",2e-05,41,2,11,54,228
"279","QM","VSN-G",3e-06,39,4,9,52,200
"293","QM","VSN-G",8e-05,39,2,11,52,249
"380","BT","VSN-G",3e-06,39,4,9,52,200
"1716","BT","VSN-G",8e-05,39,2,11,52,249
"280","QM","VSN-G",4e-06,38,3,10,51,205
"281","QM","VSN-G",5e-06,38,3,10,51,208
"284","QM","VSN-G",8e-06,39,2,10,51,214
"427","BT","VSN-G",4e-06,38,3,10,51,205
"516","BT","VSN-G",5e-06,38,3,10,51,208
"816","BT","VSN-G",8e-06,39,2,10,51,214
"294","QM","VSN-G",9e-05,35,3,12,50,251
"295","QM","VSN-G",1e-04,35,3,12,50,251
"1816","BT","VSN-G",9e-05,35,3,12,50,251
"1916","BT","VSN-G",1e-04,35,3,12,50,251
"292","QM","VSN-G",7e-05,35,3,11,49,248
"1616","BT","VSN-G",7e-05,35,3,11,49,248
"290","QM","VSN-G",5e-05,32,3,12,47,242
"1416","BT","VSN-G",5e-05,32,3,12,47,242
"285","QM","VSN-G",9e-06,35,2,8,45,217
"286","QM","VSN-G",1e-05,35,2,8,45,218
"916","BT","VSN-G",9e-06,35,2,8,45,217
"1016","BT","VSN-G",1e-05,35,2,8,45,218
"291","QM","VSN-G",6e-05,28,3,12,43,243
"1516","BT","VSN-G",6e-05,28,3,12,43,243
"278","QM","VSN-G",2e-06,22,4,8,34,189
"2106","BT","VSN-G",2e-06,22,4,8,34,189
"297","QM","VSN-G",3e-04,1,0,13,14,272
"2116","BT","VSN-G",3e-04,1,0,13,14,272
"296","QM","VSN-G",2e-04,1,0,12,13,261
"298","QM","VSN-G",4e-04,0,0,13,13,275
"2016","BT","VSN-G",2e-04,1,0,12,13,261
"2216","BT","VSN-G",4e-04,0,0,13,13,275
"306","QM","VSN-G",0.003,0,1,10,11,310
"3016","BT","VSN-G",0.003,0,1,10,11,310
"30","QM","None",0.003,0,5,5,10,188
"300","QM","VSN-G",6e-04,2,1,7,10,283
"301","QM","VSN-G",7e-04,2,0,8,10,286
"3010","BT","None",0.003,0,5,5,10,188
"2416","BT","VSN-G",6e-04,2,1,7,10,283
"2516","BT","VSN-G",7e-04,2,0,8,10,286
"31","QM","None",0.004,0,5,4,9,193
"305","QM","VSN-G",0.002,1,0,8,9,300
"307","QM","VSN-G",0.004,0,0,9,9,314
"3110","BT","None",0.004,0,5,4,9,193
"2916","BT","VSN-G",0.002,1,0,8,9,300
"3116","BT","VSN-G",0.004,0,0,9,9,314
"32","QM","None",0.005,0,4,4,8,201
"299","QM","VSN-G",5e-04,0,1,7,8,281
"303","QM","VSN-G",9e-04,0,0,8,8,290
"304","QM","VSN-G",0.001,0,0,8,8,290
"308","QM","VSN-G",0.005,0,0,8,8,320
"310","QM","VSN-G",0.007,0,0,8,8,326
"311","QM","VSN-G",0.008,0,0,8,8,328
"312","QM","VSN-G",0.009,0,0,8,8,329
"313","QM","VSN-G",0.01,0,0,8,8,330
"3210","BT","None",0.005,0,4,4,8,201
"2316","BT","VSN-G",5e-04,0,1,7,8,281
"2716","BT","VSN-G",9e-04,0,0,8,8,290
"2816","BT","VSN-G",0.001,0,0,8,8,290
"3216","BT","VSN-G",0.005,0,0,8,8,320
"3416","BT","VSN-G",0.007,0,0,8,8,326
"3516","BT","VSN-G",0.008,0,0,8,8,328
"3616","BT","VSN-G",0.009,0,0,8,8,329
"3711","BT","VSN-G",0.01,0,0,8,8,330
"36","QM","None",0.009,0,3,4,7,212
"37","QM","None",0.01,0,3,4,7,216
"302","QM","VSN-G",8e-04,0,0,7,7,288
"309","QM","VSN-G",0.006,0,0,7,7,324
"3610","BT","None",0.009,0,3,4,7,212
"371","BT","None",0.01,0,3,4,7,216
"2616","BT","VSN-G",8e-04,0,0,7,7,288
"3316","BT","VSN-G",0.006,0,0,7,7,324
"20","QM","None",2e-04,0,6,0,6,153
"21","QM","None",3e-04,0,6,0,6,157
"2010","BT","None",2e-04,0,6,0,6,153
"2110","BT","None",3e-04,0,6,0,6,157
"2","QM","None",2e-06,0,5,0,5,107
"8","QM","None",8e-06,0,5,0,5,123
"9","QM","None",9e-06,0,5,0,5,124
"10","QM","None",1e-05,0,5,0,5,127
"11","QM","None",2e-05,0,5,0,5,132
"12","QM","None",3e-05,0,5,0,5,135
"22","QM","None",4e-04,0,5,0,5,161
"2100","BT","None",2e-06,0,5,0,5,107
"810","BT","None",8e-06,0,5,0,5,123
"910","BT","None",9e-06,0,5,0,5,124
"1010","BT","None",1e-05,0,5,0,5,127
"1110","BT","None",2e-05,0,5,0,5,132
"1210","BT","None",3e-05,0,5,0,5,135
"2210","BT","None",4e-04,0,5,0,5,161
"6","QM","None",6e-06,0,4,0,4,119
"7","QM","None",7e-06,0,4,0,4,119
"33","QM","None",0.006,0,0,4,4,205
"40","QM","None",0.04,0,1,3,4,263
"610","BT","None",6e-06,0,4,0,4,119
"710","BT","None",7e-06,0,4,0,4,119
"3310","BT","None",0.006,0,0,4,4,205
"401","BT","None",0.04,0,1,3,4,263
"3","QM","None",3e-06,0,3,0,3,112
"4","QM","None",4e-06,0,3,0,3,115
"5","QM","None",5e-06,0,3,0,3,115
"34","QM","None",0.007,0,0,3,3,208
"35","QM","None",0.008,0,0,3,3,209
"39","QM","None",0.03,0,0,3,3,249
"41","QM","None",0.05,0,0,3,3,267
"42","QM","None",0.06,0,0,3,3,269
"369","BT","None",3e-06,0,3,0,3,112
"410","BT","None",4e-06,0,3,0,3,115
"510","BT","None",5e-06,0,3,0,3,115
"3410","BT","None",0.007,0,0,3,3,208
"3510","BT","None",0.008,0,0,3,3,209
"391","BT","None",0.03,0,0,3,3,249
"411","BT","None",0.05,0,0,3,3,267
"421","BT","None",0.06,0,0,3,3,269
"38","QM","None",0.02,0,0,2,2,238
"43","QM","None",0.07,0,0,2,2,275
"44","QM","None",0.08,0,0,2,2,279
"45","QM","None",0.09,0,0,2,2,281
"46","QM","None",0.1,0,0,2,2,284
"315","QM","VSN-G",0.03,0,0,2,2,356
"316","QM","VSN-G",0.04,0,0,2,2,361
"317","QM","VSN-G",0.05,0,0,2,2,368
"318","QM","VSN-G",0.06,0,0,2,2,376
"381","BT","None",0.02,0,0,2,2,238
"431","BT","None",0.07,0,0,2,2,275
"441","BT","None",0.08,0,0,2,2,279
"451","BT","None",0.09,0,0,2,2,281
"461","BT","None",0.1,0,0,2,2,284
"397","BT","VSN-G",0.03,0,0,2,2,356
"407","BT","VSN-G",0.04,0,0,2,2,361
"4111","BT","VSN-G",0.05,0,0,2,2,368
"428","BT","VSN-G",0.06,0,0,2,2,376
"125","QM","MedI-G",0.006,0,1,0,1,2
"126","QM","MedI-G",0.007,0,1,0,1,2
"127","QM","MedI-G",0.008,0,1,0,1,2
"128","QM","MedI-G",0.009,0,1,0,1,2
"129","QM","MedI-G",0.01,0,1,0,1,2
"188","QM","RLR-G",4e-06,1,0,0,1,104
"189","QM","RLR-G",5e-06,1,0,0,1,105
"190","QM","RLR-G",6e-06,1,0,0,1,105
"250","QM","Loess-G",2e-04,0,1,0,1,105
"251","QM","Loess-G",3e-04,0,1,0,1,115
"252","QM","Loess-G",4e-04,0,1,0,1,120
"253","QM","Loess-G",5e-04,0,1,0,1,120
"254","QM","Loess-G",6e-04,0,1,0,1,123
"255","QM","Loess-G",7e-04,0,1,0,1,126
"256","QM","Loess-G",8e-04,0,1,0,1,127
"257","QM","Loess-G",9e-04,0,1,0,1,130
"258","QM","Loess-G",0.001,0,1,0,1,131
"259","QM","Loess-G",0.002,0,1,0,1,139
"260","QM","Loess-G",0.003,0,1,0,1,141
"261","QM","Loess-G",0.004,0,1,0,1,147
"262","QM","Loess-G",0.005,0,1,0,1,153
"263","QM","Loess-G",0.006,0,1,0,1,156
"264","QM","Loess-G",0.007,0,1,0,1,157
"265","QM","Loess-G",0.008,0,1,0,1,159
"266","QM","Loess-G",0.009,0,1,0,1,161
"269","QM","Loess-G",0.03,0,1,0,1,202
"270","QM","Loess-G",0.04,0,1,0,1,217
"271","QM","Loess-G",0.05,0,1,0,1,221
"272","QM","Loess-G",0.06,0,1,0,1,232
"273","QM","Loess-G",0.07,0,1,0,1,240
"274","QM","Loess-G",0.08,0,1,0,1,245
"314","QM","VSN-G",0.02,0,0,1,1,347
"319","QM","VSN-G",0.07,0,0,1,1,382
"320","QM","VSN-G",0.08,0,0,1,1,383
"321","QM","VSN-G",0.09,0,0,1,1,390
"322","QM","VSN-G",0.1,0,0,1,1,392
"351","QM","Quantile",0.002,0,1,0,1,165
"352","QM","Quantile",0.003,0,1,0,1,174
"360","QM","Quantile",0.02,0,1,0,1,223
"361","QM","Quantile",0.03,0,1,0,1,237
"362","QM","Quantile",0.04,0,1,0,1,245
"364","QM","Quantile",0.06,0,1,0,1,265
"365","QM","Quantile",0.07,0,1,0,1,271
"3312","BT","MedI-G",0.006,0,1,0,1,2
"3412","BT","MedI-G",0.007,0,1,0,1,2
"3512","BT","MedI-G",0.008,0,1,0,1,2
"3612","BT","MedI-G",0.009,0,1,0,1,2
"374","BT","MedI-G",0.01,0,1,0,1,2
"418","BT","RLR-G",4e-06,1,0,0,1,104
"514","BT","RLR-G",5e-06,1,0,0,1,105
"614","BT","RLR-G",6e-06,1,0,0,1,105
"2015","BT","Loess-G",2e-04,0,1,0,1,105
"2115","BT","Loess-G",3e-04,0,1,0,1,115
"2215","BT","Loess-G",4e-04,0,1,0,1,120
"2315","BT","Loess-G",5e-04,0,1,0,1,120
"2415","BT","Loess-G",6e-04,0,1,0,1,123
"2515","BT","Loess-G",7e-04,0,1,0,1,126
"2615","BT","Loess-G",8e-04,0,1,0,1,127
"2715","BT","Loess-G",9e-04,0,1,0,1,130
"2815","BT","Loess-G",0.001,0,1,0,1,131
"2915","BT","Loess-G",0.002,0,1,0,1,139
"3015","BT","Loess-G",0.003,0,1,0,1,141
"3115","BT","Loess-G",0.004,0,1,0,1,147
"3215","BT","Loess-G",0.005,0,1,0,1,153
"3315","BT","Loess-G",0.006,0,1,0,1,156
"3415","BT","Loess-G",0.007,0,1,0,1,157
"3515","BT","Loess-G",0.008,0,1,0,1,159
"3615","BT","Loess-G",0.009,0,1,0,1,161
"396","BT","Loess-G",0.03,0,1,0,1,202
"406","BT","Loess-G",0.04,0,1,0,1,217
"4110","BT","Loess-G",0.05,0,1,0,1,221
"426","BT","Loess-G",0.06,0,1,0,1,232
"436","BT","Loess-G",0.07,0,1,0,1,240
"446","BT","Loess-G",0.08,0,1,0,1,245
"387","BT","VSN-G",0.02,0,0,1,1,347
"437","BT","VSN-G",0.07,0,0,1,1,382
"447","BT","VSN-G",0.08,0,0,1,1,383
"457","BT","VSN-G",0.09,0,0,1,1,390
"467","BT","VSN-G",0.1,0,0,1,1,392
"2917","BT","Quantile",0.002,0,1,0,1,165
"3017","BT","Quantile",0.003,0,1,0,1,174
"389","BT","Quantile",0.02,0,1,0,1,223
"398","BT","Quantile",0.03,0,1,0,1,237
"408","BT","Quantile",0.04,0,1,0,1,245
"4210","BT","Quantile",0.06,0,1,0,1,265
"438","BT","Quantile",0.07,0,1,0,1,271
"1","QM","None",1e-06,0,0,0,0,101
"13","QM","None",4e-05,0,0,0,0,137
"14","QM","None",5e-05,0,0,0,0,139
"15","QM","None",6e-05,0,0,0,0,139
"16","QM","None",7e-05,0,0,0,0,141
"17","QM","None",8e-05,0,0,0,0,141
"18","QM","None",9e-05,0,0,0,0,142
"19","QM","None",1e-04,0,0,0,0,143
"23","QM","None",5e-04,0,0,0,0,166
"24","QM","None",6e-04,0,0,0,0,169
"25","QM","None",7e-04,0,0,0,0,170
"26","QM","None",8e-04,0,0,0,0,173
"27","QM","None",9e-04,0,0,0,0,173
"28","QM","None",0.001,0,0,0,0,176
"29","QM","None",0.002,0,0,0,0,181
"47","QM","AI-G",1e-06,0,0,0,0,0
"48","QM","AI-G",2e-06,0,0,0,0,0
"49","QM","AI-G",3e-06,0,0,0,0,0
"50","QM","AI-G",4e-06,0,0,0,0,0
"51","QM","AI-G",5e-06,0,0,0,0,0
"52","QM","AI-G",6e-06,0,0,0,0,0
"53","QM","AI-G",7e-06,0,0,0,0,0
"54","QM","AI-G",8e-06,0,0,0,0,0
"55","QM","AI-G",9e-06,0,0,0,0,0
"56","QM","AI-G",1e-05,0,0,0,0,0
"57","QM","AI-G",2e-05,0,0,0,0,0
"58","QM","AI-G",3e-05,0,0,0,0,0
"59","QM","AI-G",4e-05,0,0,0,0,0
"60","QM","AI-G",5e-05,0,0,0,0,0
"61","QM","AI-G",6e-05,0,0,0,0,0
"62","QM","AI-G",7e-05,0,0,0,0,0
"63","QM","AI-G",8e-05,0,0,0,0,0
"64","QM","AI-G",9e-05,0,0,0,0,0
"65","QM","AI-G",1e-04,0,0,0,0,0
"66","QM","AI-G",2e-04,0,0,0,0,0
"67","QM","AI-G",3e-04,0,0,0,0,0
"68","QM","AI-G",4e-04,0,0,0,0,0
"69","QM","AI-G",5e-04,0,0,0,0,0
"70","QM","AI-G",6e-04,0,0,0,0,0
"71","QM","AI-G",7e-04,0,0,0,0,0
"72","QM","AI-G",8e-04,0,0,0,0,0
"73","QM","AI-G",9e-04,0,0,0,0,0
"74","QM","AI-G",0.001,0,0,0,0,0
"75","QM","AI-G",0.002,0,0,0,0,0
"76","QM","AI-G",0.003,0,0,0,0,0
"77","QM","AI-G",0.004,0,0,0,0,1
"78","QM","AI-G",0.005,0,0,0,0,1
"79","QM","AI-G",0.006,0,0,0,0,1
"80","QM","AI-G",0.007,0,0,0,0,1
"81","QM","AI-G",0.008,0,0,0,0,1
"82","QM","AI-G",0.009,0,0,0,0,2
"83","QM","AI-G",0.01,0,0,0,0,2
"84","QM","AI-G",0.02,0,0,0,0,2
"85","QM","AI-G",0.03,0,0,0,0,3
"86","QM","AI-G",0.04,0,0,0,0,5
"87","QM","AI-G",0.05,0,0,0,0,7
"88","QM","AI-G",0.06,0,0,0,0,10
"89","QM","AI-G",0.07,0,0,0,0,14
"90","QM","AI-G",0.08,0,0,0,0,14
"91","QM","AI-G",0.09,0,0,0,0,15
"92","QM","AI-G",0.1,0,0,0,0,18
"93","QM","MedI-G",1e-06,0,0,0,0,0
"94","QM","MedI-G",2e-06,0,0,0,0,0
"95","QM","MedI-G",3e-06,0,0,0,0,0
"96","QM","MedI-G",4e-06,0,0,0,0,0
"97","QM","MedI-G",5e-06,0,0,0,0,0
"98","QM","MedI-G",6e-06,0,0,0,0,0
"99","QM","MedI-G",7e-06,0,0,0,0,0
"100","QM","MedI-G",8e-06,0,0,0,0,0
"101","QM","MedI-G",9e-06,0,0,0,0,0
"102","QM","MedI-G",1e-05,0,0,0,0,0
"103","QM","MedI-G",2e-05,0,0,0,0,0
"104","QM","MedI-G",3e-05,0,0,0,0,0
"105","QM","MedI-G",4e-05,0,0,0,0,0
"106","QM","MedI-G",5e-05,0,0,0,0,0
"107","QM","MedI-G",6e-05,0,0,0,0,0
"108","QM","MedI-G",7e-05,0,0,0,0,0
"109","QM","MedI-G",8e-05,0,0,0,0,0
"110","QM","MedI-G",9e-05,0,0,0,0,0
"111","QM","MedI-G",1e-04,0,0,0,0,0
"112","QM","MedI-G",2e-04,0,0,0,0,0
"113","QM","MedI-G",3e-04,0,0,0,0,0
"114","QM","MedI-G",4e-04,0,0,0,0,0
"115","QM","MedI-G",5e-04,0,0,0,0,0
"116","QM","MedI-G",6e-04,0,0,0,0,0
"117","QM","MedI-G",7e-04,0,0,0,0,0
"118","QM","MedI-G",8e-04,0,0,0,0,0
"119","QM","MedI-G",9e-04,0,0,0,0,0
"120","QM","MedI-G",0.001,0,0,0,0,0
"121","QM","MedI-G",0.002,0,0,0,0,1
"122","QM","MedI-G",0.003,0,0,0,0,1
"123","QM","MedI-G",0.004,0,0,0,0,1
"124","QM","MedI-G",0.005,0,0,0,0,1
"130","QM","MedI-G",0.02,0,0,0,0,3
"131","QM","MedI-G",0.03,0,0,0,0,4
"132","QM","MedI-G",0.04,0,0,0,0,6
"133","QM","MedI-G",0.05,0,0,0,0,6
"134","QM","MedI-G",0.06,0,0,0,0,7
"135","QM","MedI-G",0.07,0,0,0,0,8
"136","QM","MedI-G",0.08,0,0,0,0,11
"137","QM","MedI-G",0.09,0,0,0,0,12
"138","QM","MedI-G",0.1,0,0,0,0,13
"139","QM","TI-G",1e-06,0,0,0,0,0
"140","QM","TI-G",2e-06,0,0,0,0,0
"141","QM","TI-G",3e-06,0,0,0,0,0
"142","QM","TI-G",4e-06,0,0,0,0,0
"143","QM","TI-G",5e-06,0,0,0,0,0
"144","QM","TI-G",6e-06,0,0,0,0,0
"145","QM","TI-G",7e-06,0,0,0,0,0
"146","QM","TI-G",8e-06,0,0,0,0,0
"147","QM","TI-G",9e-06,0,0,0,0,0
"148","QM","TI-G",1e-05,0,0,0,0,0
"149","QM","TI-G",2e-05,0,0,0,0,0
"150","QM","TI-G",3e-05,0,0,0,0,0
"151","QM","TI-G",4e-05,0,0,0,0,0
"152","QM","TI-G",5e-05,0,0,0,0,0
"153","QM","TI-G",6e-05,0,0,0,0,0
"154","QM","TI-G",7e-05,0,0,0,0,0
"155","QM","TI-G",8e-05,0,0,0,0,0
"156","QM","TI-G",9e-05,0,0,0,0,0
"157","QM","TI-G",1e-04,0,0,0,0,0
"158","QM","TI-G",2e-04,0,0,0,0,0
"159","QM","TI-G",3e-04,0,0,0,0,0
"160","QM","TI-G",4e-04,0,0,0,0,0
"161","QM","TI-G",5e-04,0,0,0,0,0
"162","QM","TI-G",6e-04,0,0,0,0,0
"163","QM","TI-G",7e-04,0,0,0,0,0
"164","QM","TI-G",8e-04,0,0,0,0,0
"165","QM","TI-G",9e-04,0,0,0,0,0
"166","QM","TI-G",0.001,0,0,0,0,0
"167","QM","TI-G",0.002,0,0,0,0,0
"168","QM","TI-G",0.003,0,0,0,0,1
"169","QM","TI-G",0.004,0,0,0,0,1
"170","QM","TI-G",0.005,0,0,0,0,1
"171","QM","TI-G",0.006,0,0,0,0,1
"172","QM","TI-G",0.007,0,0,0,0,2
"173","QM","TI-G",0.008,0,0,0,0,2
"174","QM","TI-G",0.009,0,0,0,0,2
"175","QM","TI-G",0.01,0,0,0,0,2
"176","QM","TI-G",0.02,0,0,0,0,3
"177","QM","TI-G",0.03,0,0,0,0,4
"178","QM","TI-G",0.04,0,0,0,0,5
"179","QM","TI-G",0.05,0,0,0,0,5
"180","QM","TI-G",0.06,0,0,0,0,6
"181","QM","TI-G",0.07,0,0,0,0,9
"182","QM","TI-G",0.08,0,0,0,0,9
"183","QM","TI-G",0.09,0,0,0,0,13
"184","QM","TI-G",0.1,0,0,0,0,15
"185","QM","RLR-G",1e-06,0,0,0,0,91
"186","QM","RLR-G",2e-06,0,0,0,0,97
"187","QM","RLR-G",3e-06,0,0,0,0,101
"191","QM","RLR-G",7e-06,0,0,0,0,108
"192","QM","RLR-G",8e-06,0,0,0,0,109
"193","QM","RLR-G",9e-06,0,0,0,0,110
"194","QM","RLR-G",1e-05,0,0,0,0,110
"195","QM","RLR-G",2e-05,0,0,0,0,117
"196","QM","RLR-G",3e-05,0,0,0,0,121
"197","QM","RLR-G",4e-05,0,0,0,0,125
"198","QM","RLR-G",5e-05,0,0,0,0,128
"199","QM","RLR-G",6e-05,0,0,0,0,130
"200","QM","RLR-G",7e-05,0,0,0,0,133
"201","QM","RLR-G",8e-05,0,0,0,0,134
"202","QM","RLR-G",9e-05,0,0,0,0,134
"203","QM","RLR-G",1e-04,0,0,0,0,136
"204","QM","RLR-G",2e-04,0,0,0,0,144
"205","QM","RLR-G",3e-04,0,0,0,0,151
"206","QM","RLR-G",4e-04,0,0,0,0,158
"207","QM","RLR-G",5e-04,0,0,0,0,162
"208","QM","RLR-G",6e-04,0,0,0,0,165
"209","QM","RLR-G",7e-04,0,0,0,0,166
"210","QM","RLR-G",8e-04,0,0,0,0,168
"211","QM","RLR-G",9e-04,0,0,0,0,169
"212","QM","RLR-G",0.001,0,0,0,0,171
"213","QM","RLR-G",0.002,0,0,0,0,181
"214","QM","RLR-G",0.003,0,0,0,0,196
"215","QM","RLR-G",0.004,0,0,0,0,202
"216","QM","RLR-G",0.005,0,0,0,0,208
"217","QM","RLR-G",0.006,0,0,0,0,212
"218","QM","RLR-G",0.007,0,0,0,0,217
"219","QM","RLR-G",0.008,0,0,0,0,221
"220","QM","RLR-G",0.009,0,0,0,0,224
"221","QM","RLR-G",0.01,0,0,0,0,226
"222","QM","RLR-G",0.02,0,0,0,0,248
"223","QM","RLR-G",0.03,0,0,0,0,261
"224","QM","RLR-G",0.04,0,0,0,0,269
"225","QM","RLR-G",0.05,0,0,0,0,278
"226","QM","RLR-G",0.06,0,0,0,0,284
"227","QM","RLR-G",0.07,0,0,0,0,286
"228","QM","RLR-G",0.08,0,0,0,0,295
"229","QM","RLR-G",0.09,0,0,0,0,301
"230","QM","RLR-G",0.1,0,0,0,0,305
"231","QM","Loess-G",1e-06,0,0,0,0,53
"232","QM","Loess-G",2e-06,0,0,0,0,57
"233","QM","Loess-G",3e-06,0,0,0,0,58
"234","QM","Loess-G",4e-06,0,0,0,0,58
"235","QM","Loess-G",5e-06,0,0,0,0,63
"236","QM","Loess-G",6e-06,0,0,0,0,63
"237","QM","Loess-G",7e-06,0,0,0,0,63
"238","QM","Loess-G",8e-06,0,0,0,0,64
"239","QM","Loess-G",9e-06,0,0,0,0,64
"240","QM","Loess-G",1e-05,0,0,0,0,68
"241","QM","Loess-G",2e-05,0,0,0,0,75
"242","QM","Loess-G",3e-05,0,0,0,0,79
"243","QM","Loess-G",4e-05,0,0,0,0,79
"244","QM","Loess-G",5e-05,0,0,0,0,82
"245","QM","Loess-G",6e-05,0,0,0,0,86
"246","QM","Loess-G",7e-05,0,0,0,0,88
"247","QM","Loess-G",8e-05,0,0,0,0,89
"248","QM","Loess-G",9e-05,0,0,0,0,93
"249","QM","Loess-G",1e-04,0,0,0,0,95
"267","QM","Loess-G",0.01,0,0,0,0,167
"268","QM","Loess-G",0.02,0,0,0,0,186
"275","QM","Loess-G",0.09,0,0,0,0,253
"276","QM","Loess-G",0.1,0,0,0,0,255
"323","QM","Quantile",1e-06,0,0,0,0,75
"324","QM","Quantile",2e-06,0,0,0,0,86
"325","QM","Quantile",3e-06,0,0,0,0,90
"326","QM","Quantile",4e-06,0,0,0,0,93
"327","QM","Quantile",5e-06,0,0,0,0,98
"328","QM","Quantile",6e-06,0,0,0,0,98
"329","QM","Quantile",7e-06,0,0,0,0,98
"330","QM","Quantile",8e-06,0,0,0,0,100
"331","QM","Quantile",9e-06,0,0,0,0,100
"332","QM","Quantile",1e-05,0,0,0,0,100
"333","QM","Quantile",2e-05,0,0,0,0,103
"334","QM","Quantile",3e-05,0,0,0,0,105
"335","QM","Quantile",4e-05,0,0,0,0,111
"336","QM","Quantile",5e-05,0,0,0,0,112
"337","QM","Quantile",6e-05,0,0,0,0,113
"338","QM","Quantile",7e-05,0,0,0,0,116
"339","QM","Quantile",8e-05,0,0,0,0,117
"340","QM","Quantile",9e-05,0,0,0,0,118
"341","QM","Quantile",1e-04,0,0,0,0,118
"342","QM","Quantile",2e-04,0,0,0,0,124
"343","QM","Quantile",3e-04,0,0,0,0,131
"344","QM","Quantile",4e-04,0,0,0,0,137
"345","QM","Quantile",5e-04,0,0,0,0,141
"346","QM","Quantile",6e-04,0,0,0,0,142
"347","QM","Quantile",7e-04,0,0,0,0,143
"348","QM","Quantile",8e-04,0,0,0,0,146
"349","QM","Quantile",9e-04,0,0,0,0,147
"350","QM","Quantile",0.001,0,0,0,0,150
"353","QM","Quantile",0.004,0,0,0,0,178
"354","QM","Quantile",0.005,0,0,0,0,180
"355","QM","Quantile",0.006,0,0,0,0,183
"356","QM","Quantile",0.007,0,0,0,0,188
"357","QM","Quantile",0.008,0,0,0,0,194
"358","QM","Quantile",0.009,0,0,0,0,197
"359","QM","Quantile",0.01,0,0,0,0,197
"363","QM","Quantile",0.05,0,0,0,0,252
"366","QM","Quantile",0.08,0,0,0,0,278
"367","QM","Quantile",0.09,0,0,0,0,282
"368","QM","Quantile",0.1,0,0,0,0,289
"1100","BT","None",1e-06,0,0,0,0,101
"1310","BT","None",4e-05,0,0,0,0,137
"1410","BT","None",5e-05,0,0,0,0,139
"1510","BT","None",6e-05,0,0,0,0,139
"1610","BT","None",7e-05,0,0,0,0,141
"1710","BT","None",8e-05,0,0,0,0,141
"1810","BT","None",9e-05,0,0,0,0,142
"1910","BT","None",1e-04,0,0,0,0,143
"2310","BT","None",5e-04,0,0,0,0,166
"2410","BT","None",6e-04,0,0,0,0,169
"2510","BT","None",7e-04,0,0,0,0,170
"2610","BT","None",8e-04,0,0,0,0,173
"2710","BT","None",9e-04,0,0,0,0,173
"2810","BT","None",0.001,0,0,0,0,176
"2910","BT","None",0.002,0,0,0,0,181
"1101","BT","AI-G",1e-06,0,0,0,0,0
"2101","BT","AI-G",2e-06,0,0,0,0,0
"370","BT","AI-G",3e-06,0,0,0,0,0
"412","BT","AI-G",4e-06,0,0,0,0,0
"511","BT","AI-G",5e-06,0,0,0,0,0
"611","BT","AI-G",6e-06,0,0,0,0,0
"711","BT","AI-G",7e-06,0,0,0,0,0
"811","BT","AI-G",8e-06,0,0,0,0,0
"911","BT","AI-G",9e-06,0,0,0,0,0
"1011","BT","AI-G",1e-05,0,0,0,0,0
"1111","BT","AI-G",2e-05,0,0,0,0,0
"1211","BT","AI-G",3e-05,0,0,0,0,0
"1311","BT","AI-G",4e-05,0,0,0,0,0
"1411","BT","AI-G",5e-05,0,0,0,0,0
"1511","BT","AI-G",6e-05,0,0,0,0,0
"1611","BT","AI-G",7e-05,0,0,0,0,0
"1711","BT","AI-G",8e-05,0,0,0,0,0
"1811","BT","AI-G",9e-05,0,0,0,0,0
"1911","BT","AI-G",1e-04,0,0,0,0,0
"2011","BT","AI-G",2e-04,0,0,0,0,0
"2111","BT","AI-G",3e-04,0,0,0,0,0
"2211","BT","AI-G",4e-04,0,0,0,0,0
"2311","BT","AI-G",5e-04,0,0,0,0,0
"2411","BT","AI-G",6e-04,0,0,0,0,0
"2511","BT","AI-G",7e-04,0,0,0,0,0
"2611","BT","AI-G",8e-04,0,0,0,0,0
"2711","BT","AI-G",9e-04,0,0,0,0,0
"2811","BT","AI-G",0.001,0,0,0,0,0
"2911","BT","AI-G",0.002,0,0,0,0,0
"3011","BT","AI-G",0.003,0,0,0,0,0
"3111","BT","AI-G",0.004,0,0,0,0,1
"3211","BT","AI-G",0.005,0,0,0,0,1
"3311","BT","AI-G",0.006,0,0,0,0,1
"3411","BT","AI-G",0.007,0,0,0,0,1
"3511","BT","AI-G",0.008,0,0,0,0,1
"3611","BT","AI-G",0.009,0,0,0,0,2
"372","BT","AI-G",0.01,0,0,0,0,2
"382","BT","AI-G",0.02,0,0,0,0,2
"392","BT","AI-G",0.03,0,0,0,0,3
"402","BT","AI-G",0.04,0,0,0,0,5
"413","BT","AI-G",0.05,0,0,0,0,7
"422","BT","AI-G",0.06,0,0,0,0,10
"432","BT","AI-G",0.07,0,0,0,0,14
"442","BT","AI-G",0.08,0,0,0,0,14
"452","BT","AI-G",0.09,0,0,0,0,15
"462","BT","AI-G",0.1,0,0,0,0,18
"1102","BT","MedI-G",1e-06,0,0,0,0,0
"2102","BT","MedI-G",2e-06,0,0,0,0,0
"373","BT","MedI-G",3e-06,0,0,0,0,0
"414","BT","MedI-G",4e-06,0,0,0,0,0
"512","BT","MedI-G",5e-06,0,0,0,0,0
"612","BT","MedI-G",6e-06,0,0,0,0,0
"712","BT","MedI-G",7e-06,0,0,0,0,0
"812","BT","MedI-G",8e-06,0,0,0,0,0
"912","BT","MedI-G",9e-06,0,0,0,0,0
"1012","BT","MedI-G",1e-05,0,0,0,0,0
"1112","BT","MedI-G",2e-05,0,0,0,0,0
"1212","BT","MedI-G",3e-05,0,0,0,0,0
"1312","BT","MedI-G",4e-05,0,0,0,0,0
"1412","BT","MedI-G",5e-05,0,0,0,0,0
"1512","BT","MedI-G",6e-05,0,0,0,0,0
"1612","BT","MedI-G",7e-05,0,0,0,0,0
"1712","BT","MedI-G",8e-05,0,0,0,0,0
"1812","BT","MedI-G",9e-05,0,0,0,0,0
"1912","BT","MedI-G",1e-04,0,0,0,0,0
"2012","BT","MedI-G",2e-04,0,0,0,0,0
"2112","BT","MedI-G",3e-04,0,0,0,0,0
"2212","BT","MedI-G",4e-04,0,0,0,0,0
"2312","BT","MedI-G",5e-04,0,0,0,0,0
"2412","BT","MedI-G",6e-04,0,0,0,0,0
"2512","BT","MedI-G",7e-04,0,0,0,0,0
"2612","BT","MedI-G",8e-04,0,0,0,0,0
"2712","BT","MedI-G",9e-04,0,0,0,0,0
"2812","BT","MedI-G",0.001,0,0,0,0,0
"2912","BT","MedI-G",0.002,0,0,0,0,1
"3012","BT","MedI-G",0.003,0,0,0,0,1
"3112","BT","MedI-G",0.004,0,0,0,0,1
"3212","BT","MedI-G",0.005,0,0,0,0,1
"383","BT","MedI-G",0.02,0,0,0,0,3
"393","BT","MedI-G",0.03,0,0,0,0,4
"403","BT","MedI-G",0.04,0,0,0,0,6
"415","BT","MedI-G",0.05,0,0,0,0,6
"423","BT","MedI-G",0.06,0,0,0,0,7
"433","BT","MedI-G",0.07,0,0,0,0,8
"443","BT","MedI-G",0.08,0,0,0,0,11
"453","BT","MedI-G",0.09,0,0,0,0,12
"463","BT","MedI-G",0.1,0,0,0,0,13
"1103","BT","TI-G",1e-06,0,0,0,0,0
"2103","BT","TI-G",2e-06,0,0,0,0,0
"375","BT","TI-G",3e-06,0,0,0,0,0
"416","BT","TI-G",4e-06,0,0,0,0,0
"513","BT","TI-G",5e-06,0,0,0,0,0
"613","BT","TI-G",6e-06,0,0,0,0,0
"713","BT","TI-G",7e-06,0,0,0,0,0
"813","BT","TI-G",8e-06,0,0,0,0,0
"913","BT","TI-G",9e-06,0,0,0,0,0
"1013","BT","TI-G",1e-05,0,0,0,0,0
"1113","BT","TI-G",2e-05,0,0,0,0,0
"1213","BT","TI-G",3e-05,0,0,0,0,0
"1313","BT","TI-G",4e-05,0,0,0,0,0
"1413","BT","TI-G",5e-05,0,0,0,0,0
"1513","BT","TI-G",6e-05,0,0,0,0,0
"1613","BT","TI-G",7e-05,0,0,0,0,0
"1713","BT","TI-G",8e-05,0,0,0,0,0
"1813","BT","TI-G",9e-05,0,0,0,0,0
"1913","BT","TI-G",1e-04,0,0,0,0,0
"2013","BT","TI-G",2e-04,0,0,0,0,0
"2113","BT","TI-G",3e-04,0,0,0,0,0
"2213","BT","TI-G",4e-04,0,0,0,0,0
"2313","BT","TI-G",5e-04,0,0,0,0,0
"2413","BT","TI-G",6e-04,0,0,0,0,0
"2513","BT","TI-G",7e-04,0,0,0,0,0
"2613","BT","TI-G",8e-04,0,0,0,0,0
"2713","BT","TI-G",9e-04,0,0,0,0,0
"2813","BT","TI-G",0.001,0,0,0,0,0
"2913","BT","TI-G",0.002,0,0,0,0,0
"3013","BT","TI-G",0.003,0,0,0,0,1
"3113","BT","TI-G",0.004,0,0,0,0,1
"3213","BT","TI-G",0.005,0,0,0,0,1
"3313","BT","TI-G",0.006,0,0,0,0,1
"3413","BT","TI-G",0.007,0,0,0,0,2
"3513","BT","TI-G",0.008,0,0,0,0,2
"3613","BT","TI-G",0.009,0,0,0,0,2
"376","BT","TI-G",0.01,0,0,0,0,2
"384","BT","TI-G",0.02,0,0,0,0,3
"394","BT","TI-G",0.03,0,0,0,0,4
"404","BT","TI-G",0.04,0,0,0,0,5
"417","BT","TI-G",0.05,0,0,0,0,5
"424","BT","TI-G",0.06,0,0,0,0,6
"434","BT","TI-G",0.07,0,0,0,0,9
"444","BT","TI-G",0.08,0,0,0,0,9
"454","BT","TI-G",0.09,0,0,0,0,13
"464","BT","TI-G",0.1,0,0,0,0,15
"1104","BT","RLR-G",1e-06,0,0,0,0,91
"2104","BT","RLR-G",2e-06,0,0,0,0,97
"377","BT","RLR-G",3e-06,0,0,0,0,101
"714","BT","RLR-G",7e-06,0,0,0,0,108
"814","BT","RLR-G",8e-06,0,0,0,0,109
"914","BT","RLR-G",9e-06,0,0,0,0,110
"1014","BT","RLR-G",1e-05,0,0,0,0,110
"1114","BT","RLR-G",2e-05,0,0,0,0,117
"1214","BT","RLR-G",3e-05,0,0,0,0,121
"1314","BT","RLR-G",4e-05,0,0,0,0,125
"1414","BT","RLR-G",5e-05,0,0,0,0,128
"1514","BT","RLR-G",6e-05,0,0,0,0,130
"1614","BT","RLR-G",7e-05,0,0,0,0,133
"1714","BT","RLR-G",8e-05,0,0,0,0,134
"1814","BT","RLR-G",9e-05,0,0,0,0,134
"1914","BT","RLR-G",1e-04,0,0,0,0,136
"2014","BT","RLR-G",2e-04,0,0,0,0,144
"2114","BT","RLR-G",3e-04,0,0,0,0,151
"2214","BT","RLR-G",4e-04,0,0,0,0,158
"2314","BT","RLR-G",5e-04,0,0,0,0,162
"2414","BT","RLR-G",6e-04,0,0,0,0,165
"2514","BT","RLR-G",7e-04,0,0,0,0,166
"2614","BT","RLR-G",8e-04,0,0,0,0,168
"2714","BT","RLR-G",9e-04,0,0,0,0,169
"2814","BT","RLR-G",0.001,0,0,0,0,171
"2914","BT","RLR-G",0.002,0,0,0,0,181
"3014","BT","RLR-G",0.003,0,0,0,0,196
"3114","BT","RLR-G",0.004,0,0,0,0,202
"3214","BT","RLR-G",0.005,0,0,0,0,208
"3314","BT","RLR-G",0.006,0,0,0,0,212
"3414","BT","RLR-G",0.007,0,0,0,0,217
"3514","BT","RLR-G",0.008,0,0,0,0,221
"3614","BT","RLR-G",0.009,0,0,0,0,224
"378","BT","RLR-G",0.01,0,0,0,0,226
"385","BT","RLR-G",0.02,0,0,0,0,248
"395","BT","RLR-G",0.03,0,0,0,0,261
"405","BT","RLR-G",0.04,0,0,0,0,269
"419","BT","RLR-G",0.05,0,0,0,0,278
"425","BT","RLR-G",0.06,0,0,0,0,284
"435","BT","RLR-G",0.07,0,0,0,0,286
"445","BT","RLR-G",0.08,0,0,0,0,295
"455","BT","RLR-G",0.09,0,0,0,0,301
"465","BT","RLR-G",0.1,0,0,0,0,305
"1105","BT","Loess-G",1e-06,0,0,0,0,53
"2105","BT","Loess-G",2e-06,0,0,0,0,57
"379","BT","Loess-G",3e-06,0,0,0,0,58
"420","BT","Loess-G",4e-06,0,0,0,0,58
"515","BT","Loess-G",5e-06,0,0,0,0,63
"615","BT","Loess-G",6e-06,0,0,0,0,63
"715","BT","Loess-G",7e-06,0,0,0,0,63
"815","BT","Loess-G",8e-06,0,0,0,0,64
"915","BT","Loess-G",9e-06,0,0,0,0,64
"1015","BT","Loess-G",1e-05,0,0,0,0,68
"1115","BT","Loess-G",2e-05,0,0,0,0,75
"1215","BT","Loess-G",3e-05,0,0,0,0,79
"1315","BT","Loess-G",4e-05,0,0,0,0,79
"1415","BT","Loess-G",5e-05,0,0,0,0,82
"1515","BT","Loess-G",6e-05,0,0,0,0,86
"1615","BT","Loess-G",7e-05,0,0,0,0,88
"1715","BT","Loess-G",8e-05,0,0,0,0,89
"1815","BT","Loess-G",9e-05,0,0,0,0,93
"1915","BT","Loess-G",1e-04,0,0,0,0,95
"3710","BT","Loess-G",0.01,0,0,0,0,167
"386","BT","Loess-G",0.02,0,0,0,0,186
"456","BT","Loess-G",0.09,0,0,0,0,253
"466","BT","Loess-G",0.1,0,0,0,0,255
"1107","BT","Quantile",1e-06,0,0,0,0,75
"2107","BT","Quantile",2e-06,0,0,0,0,86
"388","BT","Quantile",3e-06,0,0,0,0,90
"429","BT","Quantile",4e-06,0,0,0,0,93
"517","BT","Quantile",5e-06,0,0,0,0,98
"617","BT","Quantile",6e-06,0,0,0,0,98
"717","BT","Quantile",7e-06,0,0,0,0,98
"817","BT","Quantile",8e-06,0,0,0,0,100
"917","BT","Quantile",9e-06,0,0,0,0,100
"1017","BT","Quantile",1e-05,0,0,0,0,100
"1117","BT","Quantile",2e-05,0,0,0,0,103
"1217","BT","Quantile",3e-05,0,0,0,0,105
"1317","BT","Quantile",4e-05,0,0,0,0,111
"1417","BT","Quantile",5e-05,0,0,0,0,112
"1517","BT","Quantile",6e-05,0,0,0,0,113
"1617","BT","Quantile",7e-05,0,0,0,0,116
"1717","BT","Quantile",8e-05,0,0,0,0,117
"1817","BT","Quantile",9e-05,0,0,0,0,118
"1917","BT","Quantile",1e-04,0,0,0,0,118
"2017","BT","Quantile",2e-04,0,0,0,0,124
"2117","BT","Quantile",3e-04,0,0,0,0,131
"2217","BT","Quantile",4e-04,0,0,0,0,137
"2317","BT","Quantile",5e-04,0,0,0,0,141
"2417","BT","Quantile",6e-04,0,0,0,0,142
"2517","BT","Quantile",7e-04,0,0,0,0,143
"2617","BT","Quantile",8e-04,0,0,0,0,146
"2717","BT","Quantile",9e-04,0,0,0,0,147
"2817","BT","Quantile",0.001,0,0,0,0,150
"3117","BT","Quantile",0.004,0,0,0,0,178
"3217","BT","Quantile",0.005,0,0,0,0,180
"3317","BT","Quantile",0.006,0,0,0,0,183
"3417","BT","Quantile",0.007,0,0,0,0,188
"3517","BT","Quantile",0.008,0,0,0,0,194
"3617","BT","Quantile",0.009,0,0,0,0,197
"3712","BT","Quantile",0.01,0,0,0,0,197
"4112","BT","Quantile",0.05,0,0,0,0,252
"448","BT","Quantile",0.08,0,0,0,0,278
"458","BT","Quantile",0.09,0,0,0,0,282
"468","BT","Quantile",0.1,0,0,0,0,289
